5.078780 5.078993
7.633073 7.633180
2.919274 2.919369
3.410284 3.410314
5.769048 5.769161
0.904946 0.905058
7.386515 7.386652
5.663446 5.663600
1.847273 1.847463
5.205714 5.205894
8.622467 8.622673
5.988816 5.988899
4.620269 4.620337
4.168557 4.168632
4.221482 4.221637
6.221339 6.221446
0.928279 0.928372
2.978893 2.978965
7.701279 7.701394
8.790092 8.790186
0.529598 0.529749
4.765096 4.765241
7.593864 7.593921
0.748043 0.748174
9.333625 9.333747
0.401251 0.401287
1.799410 1.799577
4.564535 4.564667
5.762115 5.762200
5.384876 5.384959
5.101911 5.102115
6.209034 6.209170
4.738640 4.738923
8.782677 8.782762
5.103818 5.103941
4.055068 4.055190
9.667634 9.667669
2.122306 2.122458
3.746683 3.746703
9.777445 9.777631
1.075096 1.075198
0.352571 0.352715
3.439796 3.439862
7.094093 7.094198
9.737114 9.737261
4.503941 4.503994
9.707000 9.707269
0.260916 0.261002
5.577889 5.577950
7.418323 7.418531
5.123623 5.123715
9.197397 9.197532
1.566876 1.566916
9.226629 9.226806
3.419210 3.419263
9.753928 9.753992
4.445669 4.445784
8.793059 8.793191
6.048084 6.048177
7.985176 7.985370
4.615546 4.615665
6.234951 6.235115
2.652265 2.652407
9.403496 9.403677
1.537026 1.537136
8.885544 8.885765
1.791545 1.791646
6.354396 6.354513
6.379404 6.379742
0.574536 0.574604
5.960299 5.960388
1.367974 1.368079
7.245424 7.245575
3.677764 3.677829
6.770334 6.770526
4.490804 4.491093
6.044495 6.044716
9.148553 9.148637
1.679395 1.679487
6.009327 6.009476
4.736627 4.736733
3.125952 3.126014
6.207642 6.207752
0.346211 0.346280
0.007962 0.008264
4.275041 4.275328
7.401375 7.401484
0.622843 0.622864
0.261132 0.261343
1.326010 1.326302
4.841899 4.842005
1.550303 1.550323
2.514240 2.514338
4.430911 4.431049
4.441213 4.441316
2.547970 2.548093
4.941436 4.941564
2.688569 2.688691
4.777287 4.777368
4.088880 4.089149
8.550822 8.551021
2.336005 2.336177
0.581618 0.581733
1.557856 1.557993
2.276901 2.277037
7.355866 7.355965
7.828493 7.828645
8.832240 8.832420
0.957409 0.957460
7.716790 7.716969
2.645053 2.645151
2.226418 2.226506
3.333735 3.333923
6.351099 6.351272
2.238764 2.239039
1.001954 1.002068
1.613134 1.613324
1.828508 1.828725
8.501496 8.501681
3.279335 3.279378
9.195232 9.195396
4.807352 4.807418
7.045264 7.045491
1.433318 1.433473
8.502740 8.502934
5.334995 5.335190
1.426151 1.426315
5.464968 5.465010
9.386296 9.386383
9.056173 9.056298
9.376614 9.376759
6.419803 6.419910
3.571602 3.571693
3.233069 3.233188
7.333318 7.333432
0.191744 0.191912
4.626740 4.626967
6.983883 6.983988
1.850021 1.850302
6.002680 6.002959
5.165710 5.165736
0.284648 0.284802
4.534808 4.534949
0.694696 0.694858
2.423209 2.423328
7.904936 7.905076
6.551272 6.551308
3.099375 3.099423
0.506533 0.506631
3.731479 3.731599
1.975798 1.975845
3.534539 3.534673
3.692504 3.692560
3.237257 3.237321
4.472476 4.472530
3.722319 3.722476
4.648597 4.648719
1.773012 1.773223
7.881109 7.881482
5.573684 5.573739
1.639026 1.639253
8.907153 8.907223
6.054974 6.055179
4.979204 4.979389
4.283480 4.283584
2.914672 2.914863
3.939938 3.940108
6.693450 6.693529
8.925093 8.925281
6.447554 6.447700
5.732402 5.732560
1.521491 1.521554
3.969413 3.969525
8.850382 8.850488
5.201927 5.202050
1.426513 1.426521
4.719085 4.719188
5.427865 5.427963
2.491753 2.491907
1.823418 1.823518
8.721046 8.721101
7.631277 7.631361
3.880397 3.880481
7.874539 7.874674
5.658703 5.658992
0.635361 0.635525
1.845847 1.845931
7.015325 7.015495
5.744289 5.744399
6.953275 6.953410
4.384351 4.384393
8.571348 8.571561
8.999360 8.999449
0.262080 0.262294
2.600546 2.600631
8.929196 8.929347
9.477879 9.478010
1.460880 1.461076
2.334053 2.334142
7.572852 7.573021
1.195125 1.195167
6.984045 6.984145
6.744497 6.744545
4.401272 4.401432
9.704445 9.704625
9.040360 9.040533
9.814249 9.814285
9.677086 9.677215
0.190647 0.190722
1.398508 1.398666
2.923258 2.923273
6.748994 6.749054
3.142889 3.143090
3.722390 3.722642
0.935395 0.935467
7.495925 7.496144
7.492249 7.492358
9.745626 9.745720
5.765933 5.766019
4.671390 4.671488
4.544896 4.544940
9.004000 9.004101
4.427334 4.427435
6.546938 6.547049
4.933856 4.933931
7.344681 7.344824
4.337353 4.337489
3.098895 3.098936
4.043715 4.043864
1.126695 1.126724
1.781368 1.781739
4.697764 4.697881
6.979485 6.979526
5.603800 5.603930
2.970068 2.970171
1.056432 1.056544
4.613220 4.613353
5.655126 5.655222
2.595871 2.595998
0.364778 0.364907
7.142385 7.142545
7.654978 7.655073
0.298517 0.298632
1.819498 1.819646
5.125377 5.125561
4.943204 4.943325
4.090742 4.090813
7.677182 7.677334
4.693768 4.693918
8.479156 8.479377
8.272684 8.272808
7.597981 7.598091
4.011092 4.011317
5.143252 5.143384
6.344471 6.344684
9.916348 9.916555
8.326959 8.327055
1.334322 1.334535
5.560398 5.560443
9.519362 9.519489
7.126983 7.127059
0.367844 0.367993
9.244424 9.244542
5.782590 5.782782
6.529380 6.529468
4.807064 4.807292
4.027338 4.027457
3.726774 3.726814
2.112027 2.112327
8.342994 8.343187
2.878350 2.878572
8.685221 8.685375
7.401560 7.401588
4.234941 4.235069
2.921286 2.921335
7.118180 7.118250
8.835062 8.835195
4.699549 4.699660
9.528544 9.528725
5.825051 5.825124
4.221651 4.221881
5.424239 5.424268
1.360154 1.360210
0.273530 0.273690
6.121110 6.121341
4.031237 4.031371
4.316367 4.316617
6.645256 6.645422
3.862214 3.862261
5.592511 5.592543
3.714771 3.714842
3.054783 3.054862
5.715458 5.715521
8.471267 8.471482
2.675817 2.675951
9.614369 9.614457
3.041396 3.041561
2.877564 2.877640
2.233613 2.233760
9.171408 9.171466
7.001474 7.001670
3.124534 3.124608
0.613456 0.613550
6.369291 6.369434
2.932843 2.932981
3.706103 3.706120
0.016635 0.016767
3.328368 3.328547
1.885695 1.885792
1.258057 1.258180
6.410723 6.410805
2.266342 2.266453
9.020141 9.020334
9.038438 9.038471
3.366251 3.366376
4.794908 4.794986
8.777541 8.777614
5.853892 5.853981
9.928473 9.928647
9.437918 9.437927
3.988383 3.988594
6.455982 6.456114
3.214007 3.214068
0.760807 0.760928
5.425549 5.425727
0.795532 0.795693
5.702734 5.703040
1.092748 1.092943
0.052404 0.052409
3.015179 3.015369
2.603037 2.603136
5.749850 5.749874
9.677576 9.677637
8.684842 8.684997
4.852683 4.852852
7.228817 7.228911
2.299621 2.299803
8.613356 8.613505
9.301097 9.301352
7.671928 7.672060
3.037225 3.037286
9.927395 9.927561
2.116388 2.116552
2.575044 2.575147
8.664237 8.664384
2.634418 2.634444
9.616063 9.616162
0.405137 0.405243
1.971743 1.971799
1.471320 1.471455
3.476271 3.476414
8.700246 8.700319
0.281404 0.281469
3.206029 3.206143
9.139269 9.139521
0.854970 0.855066
9.794353 9.794703
8.367335 8.367413
9.613458 9.613609
8.159777 8.159847
2.273001 2.273058
0.729548 0.729636
3.849764 3.849822
7.065864 7.066084
1.681465 1.681492
6.337878 6.338057
0.753846 0.754050
8.180109 8.180209
0.426213 0.426273
5.951491 5.951654
0.789276 0.789445
8.176854 8.176929
2.024468 2.024665
6.299368 6.299444
5.932896 5.932983
1.992453 1.992636
1.963119 1.963291
1.960987 1.961152
9.191901 9.192119
9.297462 9.297623
6.374109 6.374123
9.082539 9.082612
1.599896 1.600014
7.249851 7.249940
1.354403 1.354541
3.130330 3.130570
9.016448 9.016515
7.236471 7.236573
9.219646 9.219912
9.902513 9.902606
6.233389 6.233580
4.972810 4.972894
6.665083 6.665125
1.907907 1.907992
4.033239 4.033315
6.059084 6.059124
2.465110 2.465214
3.205577 3.205653
6.676188 6.676277
8.809788 8.809955
5.616939 5.617180
2.205864 2.206003
5.827121 5.827194
6.136201 6.136355
8.388853 8.389067
3.868793 3.868929
0.512028 0.512198
4.106233 4.106391
4.116528 4.116663
8.160973 8.161119
7.938330 7.938380
9.626881 9.627135
7.709962 7.710006
8.189146 8.189287
7.496431 7.496473
6.953152 6.953241
3.788210 3.788249
2.980470 2.980511
4.865008 4.865160
7.412001 7.412103
7.889883 7.889961
6.257296 6.257489
2.611050 2.611202
0.316609 0.316644
7.304777 7.304862
9.324216 9.324273
6.754096 6.754242
0.680299 0.680438
5.542245 5.542431
9.081522 9.081601
7.901004 7.901103
9.233200 9.233380
4.639126 4.639200
9.684254 9.684400
0.276291 0.276332
5.443113 5.443258
4.642378 4.642530
3.373243 3.373406
8.104847 8.105014
0.298955 0.299088
1.840211 1.840260
3.456420 3.456449
9.702158 9.702281
6.110890 6.111030
0.244967 0.245011
7.296384 7.296467
4.710137 4.710251
2.988077 2.988178
0.606394 0.606554
6.126259 6.126424
2.798420 2.798549
2.842258 2.842348
9.478509 9.478659
9.809741 9.809858
4.036947 4.037003
4.447224 4.447402
0.414826 0.414981
6.268934 6.269050
4.773606 4.773702
3.357157 3.357311
8.790727 8.790791
2.784862 2.784890
4.276728 4.276921
8.018892 8.018952
5.955746 5.955900
0.143571 0.143597
8.153749 8.153887
4.439088 4.439226
7.645236 7.645318
8.217046 8.217086
0.926925 0.927022
9.206877 9.206984
6.606912 6.606976
3.217731 3.217968
0.610954 0.611013
9.040326 9.040623
5.939359 5.939431
2.810905 2.810935
2.375122 2.375233
2.889733 2.889766
1.409234 1.409262
4.690390 4.690626
5.602828 5.602861
4.968558 4.968661
7.382742 7.382800
8.657055 8.657075
0.792178 0.792233
2.023763 2.023904
0.284808 0.285023
8.409679 8.409766
0.105659 0.105729
7.698348 7.698357
2.650862 2.651010
5.898352 5.898461
7.649404 7.649570
6.526810 6.526858
7.593092 7.593161
7.177078 7.177289
1.509469 1.509489
9.332520 9.332749
4.716865 4.716933
7.222779 7.222907
0.070977 0.071039
7.790041 7.790121
7.662316 7.662455
2.160499 2.160669
5.554090 5.554122
9.208282 9.208396
2.187743 2.187873
7.072954 7.072974
3.670537 3.670784
8.149312 8.149433
0.787331 0.787434
7.588322 7.588499
9.236346 9.236451
5.038587 5.038641
4.071803 4.071908
9.117102 9.117129
9.321270 9.321527
6.249939 6.250078
9.919130 9.919241
3.996607 3.996669
0.122102 0.122327
8.021528 8.021582
9.461709 9.461856
3.282542 3.282846
5.642851 5.643038
9.210288 9.210474
2.885890 2.886047
5.907091 5.907282
9.137992 9.138089
5.197038 5.197176
0.591673 0.591823
7.693829 7.694008
1.200602 1.200741
9.986994 9.987035
7.886982 7.887121
3.446281 3.446370
1.468600 1.468686
6.569599 6.569781
9.223917 9.223959
7.417850 7.417959
2.253827 2.253894
2.655685 2.655880
7.517525 7.517634
5.837434 5.837607
5.870298 5.870353
5.585186 5.585234
1.024006 1.024071
1.063985 1.064124
4.714082 4.714349
6.681932 6.682089
7.077333 7.077607
8.098080 8.098241
4.204483 4.204625
4.602419 4.602549
3.704143 3.704286
3.708703 3.708849
0.989573 0.989755
5.187403 5.187597
9.503621 9.503803
0.227489 0.227612
2.476000 2.476090
9.273503 9.273695
3.124042 3.124077
6.448499 6.448682
1.469310 1.469389
2.571486 2.571541
5.248828 5.249091
8.622054 8.622321
7.991945 7.992200
9.940932 9.941219
1.197781 1.198006
7.627021 7.627144
0.423703 0.423805
5.990134 5.990234
2.692034 2.692253
7.606047 7.606093
8.906466 8.906660
2.833665 2.833800
6.769133 6.769476
0.392835 0.392879
0.212461 0.212596
0.396842 0.397021
4.367532 4.367686
8.979289 8.979372
4.477832 4.477935
9.977812 9.977836
6.369045 6.369116
0.197024 0.197096
4.978570 4.978698
1.184832 1.185033
2.295490 2.295712
1.484058 1.484120
8.752776 8.752795
9.728949 9.729044
7.089625 7.089689
6.192157 6.192517
8.871610 8.871704
5.927437 5.927528
1.772295 1.772541
6.807391 6.807476
1.821016 1.821191
6.262033 6.262195
6.709295 6.709576
5.021990 5.022192
5.667221 5.667401
9.458495 9.458579
0.547201 0.547342
5.751617 5.751794
3.272626 3.272803
7.657638 7.657887
8.812436 8.812513
6.549769 6.549964
8.224227 8.224416
0.600564 0.600815
4.284974 4.285067
6.024542 6.024615
1.150794 1.150853
0.746975 0.747032
5.536818 5.536907
2.488965 2.489085
7.400343 7.400453
4.743656 4.743752
6.714057 6.714203
2.732626 2.732719
4.389727 4.389860
0.863889 0.864025
5.283400 5.283469
0.632537 0.632572
6.392984 6.393156
6.143178 6.143320
0.433979 0.434007
9.193831 9.193894
0.142637 0.142827
1.570107 1.570265
9.472351 9.472480
2.358959 2.359067
3.575787 3.575824
8.873579 8.873612
1.250696 1.250845
3.993225 3.993297
2.010417 2.010555
5.112248 5.112391
4.863190 4.863436
9.923855 9.924047
3.370314 3.370356
2.138434 2.138578
5.609575 5.609735
5.456591 5.456687
4.298040 4.298144
6.236754 6.236867
1.682831 1.683033
9.073039 9.073096
1.068662 1.068803
7.299408 7.299454
3.900384 3.900628
3.866943 3.867032
5.726804 5.726891
7.737029 7.737268
1.006001 1.006180
9.878923 9.879017
9.047847 9.047887
5.745936 5.746045
3.677107 3.677225
4.536304 4.536539
1.832811 1.832887
0.848014 0.848136
1.701264 1.701451
0.026063 0.026157
3.749019 3.749232
3.021923 3.022072
6.010037 6.010248
4.741075 4.741166
6.784329 6.784442
6.125958 6.125988
0.312775 0.312792
6.800393 6.800469
0.442086 0.442274
0.357855 0.358023
5.933467 5.933507
2.476444 2.476637
1.423754 1.423833
4.652957 4.653140
6.577244 6.577270
8.228380 8.228456
7.957567 7.957599
2.212607 2.212672
9.772831 9.773111
1.865949 1.866129
8.466393 8.466517
0.862412 0.862549
7.903752 7.903896
0.141083 0.141222
2.343879 2.344087
6.417303 6.417361
0.887642 0.887718
1.378890 1.379007
4.790802 4.790987
7.728357 7.728367
6.554406 6.554513
7.710197 7.710230
8.704393 8.704436
6.742605 6.742675
9.161859 9.161948
3.812682 3.812747
4.129150 4.129227
4.131294 4.131613
8.457550 8.457686
1.668240 1.668335
0.919843 0.919942
0.452408 0.452648
2.325008 2.325212
0.978846 0.978907
6.221855 6.221945
6.393229 6.393561
8.806863 8.807180
0.594994 0.595046
9.160676 9.160800
7.121475 7.121720
9.801108 9.801272
1.590504 1.590692
8.572115 8.572227
5.181982 5.182227
9.719495 9.719668
0.728419 0.728606
3.174416 3.174540
6.794577 6.794784
3.494385 3.494472
5.358143 5.358400
5.401940 5.401974
1.880220 1.880271
4.028343 4.028499
2.610099 2.610142
0.022402 0.022481
4.460792 4.460843
0.270816 0.270923
8.532548 8.532589
6.394588 6.394840
2.399049 2.399228
6.806646 6.806804
8.728916 8.729033
9.194699 9.194856
4.082911 4.083059
5.298784 5.299029
3.846690 3.846772
5.223698 5.223775
3.711246 3.711391
6.027721 6.027780
2.099260 2.099300
8.699451 8.699623
6.614580 6.614601
0.431912 0.432043
8.006989 8.007048
7.879219 7.879427
5.597561 5.597654
3.017862 3.017972
1.145191 1.145218
8.751245 8.751458
6.416936 6.417081
6.717070 6.717350
6.055897 6.056028
9.136318 9.136373
2.433650 2.433751
3.369350 3.369369
2.163893 2.164041
6.076344 6.076517
1.146980 1.147184
3.580406 3.580555
4.229911 4.230002
8.000090 8.000226
7.471950 7.472022
0.818517 0.818734
8.745336 8.745355
2.396479 2.396715
7.943857 7.943986
8.785894 8.785981
2.773788 2.773954
6.439947 6.440143
3.540107 3.540256
6.204982 6.205037
4.756817 4.756936
9.160605 9.160713
0.483400 0.483584
1.892645 1.892681
2.331608 2.331681
7.300926 7.301015
9.113027 9.113285
2.553400 2.553469
2.475295 2.475508
1.367829 1.367952
7.275406 7.275569
9.241800 9.241955
9.440996 9.441192
1.801559 1.801571
4.386939 4.387062
4.293274 4.293300
2.086561 2.086815
1.045328 1.045482
8.813912 8.814009
2.278613 2.278746
5.912402 5.912505
7.537549 7.537582
4.455500 4.455658
7.833581 7.833649
6.926963 6.927131
8.517292 8.517324
7.572251 7.572437
3.696455 3.696608
7.760843 7.760889
2.230122 2.230309
3.948170 3.948283
3.761390 3.761492
4.612948 4.612973
4.274318 4.274501
0.144542 0.144673
0.714998 0.715188
1.250325 1.250480
8.614363 8.614444
7.846074 7.846233
4.585022 4.585183
9.445798 9.445851
9.471882 9.471971
0.460075 0.460232
1.151070 1.151178
9.439053 9.439256
0.274122 0.274337
9.616901 9.616924
7.603548 7.603735
6.089819 6.089839
4.357229 4.357275
9.704067 9.704328
0.468694 0.468859
4.321962 4.322100
0.881782 0.881865
1.449338 1.449404
4.360488 4.360712
1.696991 1.697086
3.482582 3.482618
0.820824 0.820862
9.976946 9.977054
2.908257 2.908368
2.645585 2.645667
2.795761 2.795788
9.607248 9.607392
3.837417 3.837488
9.591207 9.591349
3.969705 3.969837
9.017770 9.017811
9.476623 9.476746
8.926715 8.926805
1.008360 1.008415
7.424128 7.424209
5.810229 5.810317
7.756254 7.756408
7.048441 7.048536
4.985719 4.985853
8.743813 8.743887
2.006724 2.006929
8.618337 8.618414
4.793261 4.793442
1.815912 1.816074
5.423637 5.423996
9.280678 9.280893
2.727891 2.727929
4.079104 4.079266
5.677283 5.677406
8.728304 8.728416
2.841470 2.841599
6.364295 6.364428
1.636405 1.636533
0.912536 0.912575
7.360086 7.360108
8.384959 8.385024
7.768489 7.768583
5.091921 5.092067
5.545344 5.545410
5.981303 5.981369
9.536591 9.536818
5.753763 5.753831
4.571353 4.571558
8.862741 8.862811
3.275948 3.276121
1.697083 1.697259
4.963051 4.963318
3.005464 3.005674
2.597464 2.597615
6.315908 6.316125
3.650911 3.650992
0.492630 0.492866
9.528876 9.529163
7.268166 7.268388
5.309658 5.309840
4.977224 4.977333
6.075658 6.075696
0.146640 0.146829
0.622000 0.622238
8.552287 8.552355
1.812801 1.812856
6.784477 6.784556
0.691594 0.691739
6.896709 6.896793
7.854996 7.855170
7.759275 7.759375
1.920279 1.920374
4.869178 4.869319
9.403784 9.403922
2.099674 2.099848
5.182775 5.182883
5.016582 5.016622
7.726247 7.726332
0.669972 0.670165
8.755647 8.755682
5.846398 5.846512
4.888145 4.888253
8.939186 8.939226
3.910167 3.910287
8.423542 8.423630
0.044603 0.044696
4.546080 4.546159
5.080864 5.080928
1.707621 1.707691
0.621410 0.621549
1.392366 1.392509
4.954419 4.954535
7.866259 7.866373
7.986671 7.986790
6.107294 6.107333
6.570866 6.571003
4.935788 4.935817
3.730030 3.730184
7.125697 7.125861
5.156910 5.156995
8.051856 8.051913
9.777957 9.778174
7.070381 7.070549
2.683970 2.684023
4.240845 4.240943
9.985809 9.985903
1.558904 1.558959
8.265998 8.266072
0.699723 0.699944
8.889569 8.889677
8.907311 8.907449
7.270603 7.270727
8.546735 8.546846
1.243467 1.243567
6.606624 6.606927
1.969984 1.970149
1.538748 1.538924
5.961670 5.961800
9.410054 9.410274
6.298856 6.298984
0.393762 0.393875
2.124067 2.124129
9.902688 9.902733
2.466875 2.466938
0.059688 0.059831
2.296038 2.296090
4.805303 4.805323
0.130479 0.130638
6.609325 6.609483
2.442526 2.442599
1.543957 1.544035
0.757487 0.757709
3.598498 3.598551
5.754925 5.755072
7.801007 7.801154
0.389710 0.389782
9.532514 9.532561
1.154001 1.154153
8.197754 8.197927
1.039416 1.039555
6.201376 6.201413
8.575598 8.575668
4.693781 4.693994
2.414192 2.414260
2.941412 2.941539
0.854638 0.854712
2.516416 2.516568
6.774913 6.774981
4.288215 4.288428
1.738951 1.739030
6.077411 6.077538
5.724048 5.724214
2.098115 2.098134
9.471735 9.471881
5.677657 5.677812
7.100272 7.100475
0.947325 0.947470
9.132890 9.133041
3.161021 3.161105
9.754993 9.755032
9.199424 9.199545
4.774014 4.774214
2.173764 2.173855
0.681086 0.681165
9.718408 9.718525
9.935543 9.935713
8.238489 8.238569
4.246785 4.246840
6.583516 6.583680
1.400800 1.400846
6.241979 6.242013
9.830429 9.830496
5.122313 5.122422
3.986174 3.986481
1.379822 1.380039
4.195395 4.195494
2.726441 2.726482
3.931385 3.931786
4.907154 4.907291
6.469498 6.469626
4.249303 4.249372
5.285619 5.285692
9.710630 9.710721
2.842480 2.842595
5.121694 5.121842
0.628755 0.628943
4.845236 4.845345
6.186830 6.186852
0.485300 0.485450
3.420997 3.421064
6.903781 6.903944
7.752192 7.752316
6.789346 6.789437
1.196239 1.196420
0.768821 0.769043
8.446832 8.446899
7.217397 7.217520
2.518034 2.518143
7.550803 7.550947
5.387555 5.387675
4.883374 4.883452
0.714996 0.715302
9.177125 9.177255
2.680982 2.681116
9.772424 9.772510
6.490382 6.490598
7.384148 7.384159
2.373436 2.373456
7.229769 7.229837
7.200569 7.200793
7.414655 7.414793
4.500811 4.500916
7.083807 7.083901
0.613258 0.613327
2.927173 2.927232
7.475775 7.475839
3.947207 3.947330
6.977239 6.977277
2.021536 2.021682
2.787439 2.787460
7.888452 7.888552
8.785115 8.785458
4.548740 4.548863
1.906645 1.906764
5.252849 5.253095
7.295666 7.295736
5.022633 5.022942
3.107840 3.107922
0.799123 0.799144
6.362130 6.362223
2.429874 2.429967
6.199943 6.200026
8.393673 8.393838
9.902023 9.902146
8.590490 8.590573
1.226408 1.226646
4.049890 4.050054
2.641049 2.641310
2.960353 2.960392
6.301967 6.302020
6.752445 6.752481
9.132685 9.132698
9.353601 9.353771
4.759345 4.759439
8.101258 8.101318
4.142489 4.142580
8.497988 8.498055
2.307256 2.307352
8.353193 8.353363
7.482591 7.482726
8.651385 8.651417
2.683093 2.683273
7.304323 7.304413
0.997686 0.998006
4.934336 4.934363
3.155662 3.155785
8.700609 8.700810
4.943536 4.943631
8.772433 8.772499
0.639039 0.639297
4.941814 4.942009
8.387845 8.387880
8.852421 8.852536
7.282969 7.283087
3.444317 3.444554
0.177547 0.177705
6.321185 6.321309
1.761653 1.761793
6.954002 6.954179
3.605708 3.605794
2.592003 2.592230
6.259178 6.259201
8.960522 8.960634
1.222435 1.222617
3.087064 3.087118
7.545644 7.545721
3.270223 3.270521
1.143208 1.143231
7.915811 7.915877
8.098693 8.098759
4.003356 4.003459
3.829982 3.830184
2.641894 2.642073
0.850239 0.850324
8.295083 8.295209
7.723001 7.723164
2.031735 2.031772
9.828365 9.828417
7.914770 7.914838
6.807224 6.807357
4.532553 4.532593
5.426156 5.426325
4.362003 4.362125
1.797440 1.797611
5.509977 5.510083
4.675326 4.675439
9.931269 9.931316
0.217800 0.217886
0.907260 0.907420
0.859588 0.859722
6.124716 6.124877
0.172266 0.172309
6.998974 6.999070
1.189446 1.189506
9.244605 9.244800
7.397144 7.397185
0.286420 0.286467
0.643536 0.643717
7.250170 7.250489
2.680147 2.680177
7.337774 7.338015
8.081589 8.081671
2.793316 2.793426
2.307412 2.307654
6.440452 6.440721
9.221643 9.221724
1.745126 1.745259
1.564286 1.564522
0.787084 0.787342
1.222207 1.222320
9.113474 9.113655
7.647517 7.647606
6.618994 6.619079
1.373932 1.374128
3.366020 3.366134
6.617751 6.617774
2.046648 2.046733
2.098419 2.098530
3.057341 3.057480
3.619945 3.620092
8.394692 8.394836
4.308569 4.308581
5.806710 5.806851
9.585083 9.585120
8.673551 8.673623
4.606308 4.606415
5.329216 5.329356
0.590677 0.590851
7.881879 7.882009
4.917106 4.917419
3.676831 3.676996
4.415308 4.415431
9.413305 9.413569
7.289666 7.289767
7.207510 7.207565
7.242832 7.242862
7.343138 7.343336
5.403480 5.403679
6.881703 6.881859
5.983162 5.983230
3.370913 3.370976
4.374696 4.374812
6.881715 6.881886
1.948430 1.948607
3.397330 3.397454
3.869989 3.870129
0.946472 0.946547
3.631920 3.632055
2.076674 2.076761
4.542660 4.542679
3.367846 3.368105
4.902135 4.902340
8.824123 8.824394
2.619206 2.619324
2.237431 2.237548
0.632864 0.632958
9.246101 9.246185
0.686153 0.686255
0.388397 0.388491
3.880579 3.880725
0.422700 0.422844
3.477338 3.477476
4.363545 4.363604
4.314867 4.315088
0.741521 0.741591
5.453816 5.453862
6.303821 6.303875
7.910996 7.911040
5.096757 5.096816
0.741370 0.741463
2.013188 2.013252
6.888802 6.888892
7.611311 7.611460
0.011184 0.011334
3.984941 3.985047
9.618382 9.618437
5.227502 5.227596
3.387843 3.387918
5.291159 5.291355
0.812817 0.812918
3.039421 3.039517
8.554490 8.554648
6.484265 6.484348
6.386358 6.386409
8.139506 8.139553
2.029468 2.029682
8.964060 8.964217
8.631236 8.631437
8.349602 8.349762
8.916463 8.916548
2.450147 2.450233
0.977420 0.977505
6.238574 6.238623
0.280867 0.280975
0.097685 0.097784
8.098341 8.098539
5.380754 5.380797
2.089155 2.089243
4.364702 4.364860
0.463104 0.463202
6.870285 6.870382
8.146801 8.146908
9.285020 9.285161
9.634984 9.635275
2.558925 2.559100
9.996028 9.996065
0.345306 0.345429
7.152349 7.152432
2.314831 2.314991
6.351990 6.352059
0.513873 0.513957
5.000627 5.000895
4.463634 4.463696
0.001217 0.001281
5.258330 5.258384
5.352225 5.352231
3.974930 3.975095
8.547391 8.547470
4.394813 4.395071
2.484959 2.485028
7.654727 7.654788
8.858437 8.858769
4.196303 4.196434
1.714022 1.714268
3.193746 3.193862
4.990312 4.990510
7.519886 7.519946
6.522821 6.522941
1.081118 1.081232
7.432174 7.432218
4.637252 4.637362
6.608258 6.608364
4.998313 4.998442
3.300496 3.300544
4.155938 4.156050
3.634650 3.634707
3.094240 3.094321
0.262521 0.262606
3.432663 3.432764
6.676735 6.676925
2.589991 2.590175
5.137354 5.137404
1.112249 1.112288
7.242528 7.242655
0.776295 0.776490
6.721771 6.721881
3.583800 3.583888
6.930301 6.930325
5.533627 5.533792
1.711703 1.711791
9.690022 9.690193
9.553908 9.553941
1.898607 1.898739
0.854003 0.854221
7.154756 7.154940
1.182538 1.182636
8.831703 8.831827
4.205116 4.205225
0.823036 0.823174
1.072195 1.072289
3.065488 3.065659
7.657944 7.658145
3.232475 3.232588
4.974552 4.974587
3.171521 3.171629
7.980703 7.980774
6.110587 6.110661
8.407906 8.407930
0.527829 0.527897
3.314713 3.314954
6.391114 6.391299
5.951679 5.951840
8.563929 8.564154
1.619010 1.619200
2.809083 2.809262
8.331837 8.331891
3.458717 3.458823
6.455419 6.455566
0.685239 0.685371
5.322881 5.323103
4.388982 4.389081
1.133320 1.133484
3.170098 3.170219
0.142349 0.142441
3.647499 3.647603
0.422126 0.422197
2.145408 2.145533
3.833636 3.833708
4.199730 4.199823
3.235232 3.235333
7.050356 7.050504
0.917219 0.917420
0.022329 0.022403
6.936984 6.937217
1.635748 1.635957
0.315105 0.315273
9.981295 9.981434
3.028863 3.028950
2.606183 2.606246
7.772376 7.772506
9.534680 9.534686
8.039833 8.040101
0.144969 0.145094
5.675047 5.675200
4.704307 4.704411
5.206500 5.206543
1.128784 1.128974
3.003947 3.004096
5.656876 5.656923
6.718961 6.719065
0.297160 0.297247
7.489415 7.489543
6.999491 6.999533
2.159055 2.159109
5.402309 5.402390
4.750024 4.750124
3.940445 3.940517
9.917958 9.918122
1.227458 1.227703
0.219354 0.219430
6.931194 6.931337
6.045495 6.045646
3.358849 3.358900
8.970124 8.970152
9.953515 9.953679
3.522130 3.522302
1.813329 1.813436
6.054014 6.054130
1.637571 1.637708
6.817340 6.817471
2.484700 2.484879
9.579227 9.579463
1.452129 1.452300
9.869934 9.870062
7.786143 7.786199
2.249203 2.249499
9.477086 9.477350
1.675946 1.676166
2.014196 2.014283
5.454743 5.454875
5.222699 5.222868
5.205503 5.205629
6.699218 6.699346
8.736421 8.736568
8.570149 8.570359
4.353341 4.353359
8.716658 8.716831
7.770656 7.770905
3.944301 3.944378
2.107802 2.107881
6.542977 6.543183
6.058026 6.058098
7.623309 7.623502
8.815964 8.816090
2.340275 2.340308
7.887466 7.887590
6.452227 6.452324
5.849501 5.849755
6.938124 6.938269
1.497991 1.498171
3.395425 3.395526
7.997969 7.998147
4.833585 4.833685
6.747648 6.747762
2.814887 2.815220
7.547333 7.547400
0.836055 0.836170
6.169045 6.169060
7.822004 7.822162
8.290041 8.290302
6.579557 6.579678
2.707362 2.707502
7.158813 7.158934
4.972211 4.972362
1.923034 1.923111
8.502137 8.502416
5.135420 5.135577
9.998886 9.998938
8.081053 8.081254
5.557700 5.557763
0.687393 0.687541
9.796124 9.796282
0.203291 0.203381
4.122047 4.122109
5.793718 5.793844
5.314885 5.315011
0.243834 0.243859
0.127762 0.127923
8.254502 8.254626
1.877311 1.877436
8.536153 8.536284
2.096215 2.096352
1.050363 1.050476
1.818752 1.818847
4.789877 4.790119
7.651113 7.651179
2.533731 2.533838
8.318294 8.318508
7.746771 7.746921
4.160385 4.160492
5.008273 5.008422
0.705619 0.705707
5.492467 5.492600
4.133121 4.133214
6.652301 6.652492
1.525186 1.525314
5.481912 5.482005
0.759036 0.759107
4.998163 4.998252
8.328787 8.328952
9.364471 9.364590
4.025506 4.025617
8.436662 8.436708
7.356912 7.356983
9.527215 9.527397
5.502655 5.502738
9.181912 9.182018
0.759628 0.759745
2.547129 2.547241
1.930498 1.930584
4.019786 4.019864
7.773665 7.773731
1.019583 1.019774
2.463484 2.463609
9.053284 9.053409
7.203075 7.203274
2.005176 2.005297
1.305476 1.305679
4.008131 4.008249
9.122917 9.122940
8.759360 8.759530
8.035970 8.036217
0.050951 0.051217
1.830564 1.830649
4.892813 4.892980
8.839209 8.839341
1.614572 1.614680
2.006401 2.006613
3.600033 3.600186
7.219531 7.219716
1.710319 1.710345
1.299582 1.299643
0.843424 0.843582
8.496559 8.496685
0.783446 0.783630
2.422596 2.422702
4.330268 4.330313
0.426761 0.426877
2.274395 2.274603
5.074312 5.074321
9.886382 9.886517
3.099526 3.099646
3.297960 3.298077
3.713778 3.713949
3.121520 3.121735
2.437765 2.437815
0.129699 0.129946
9.249467 9.249566
2.106831 2.106915
9.094985 9.095107
1.325353 1.325424
0.326223 0.326312
0.647432 0.647505
7.834070 7.834176
0.801484 0.801549
5.351532 5.351632
7.227790 7.227970
6.231971 6.232257
4.280166 4.280281
8.542535 8.542792
5.608200 5.608299
6.515128 6.515361
4.691794 4.691875
8.009647 8.009767
8.725111 8.725286
3.034175 3.034386
1.586269 1.586301
0.771937 0.772059
2.121368 2.121496
0.201232 0.201451
6.822318 6.822510
3.798190 3.798279
6.207803 6.207961
5.131825 5.132002
0.578700 0.578738
7.409675 7.409895
3.696864 3.696975
7.088590 7.088746
1.890084 1.890224
6.649759 6.649912
5.265463 5.265601
3.364031 3.364213
3.927298 3.927363
7.536921 7.536954
6.033921 6.034062
6.776037 6.776082
9.596752 9.596822
3.604323 3.604436
8.135745 8.135842
8.037196 8.037246
5.845695 5.845730
7.517383 7.517475
5.152291 5.152378
4.300390 4.300674
4.976171 4.976297
6.025008 6.025266
4.854354 4.854430
5.892405 5.892501
6.019227 6.019353
4.830518 4.830646
4.280345 4.280505
5.671065 5.671151
7.496529 7.496799
6.736791 6.736892
7.732393 7.732513
8.893542 8.893690
1.411072 1.411197
8.278021 8.278127
3.573949 3.574069
1.959886 1.960017
3.498435 3.498532
6.259043 6.259077
0.387860 0.388079
2.474162 2.474348
0.812150 0.812314
4.342504 4.342528
1.699292 1.699516
7.506162 7.506285
8.979120 8.979226
0.383541 0.383741
0.709015 0.709125
3.752074 3.752251
4.544940 4.545003
1.871983 1.872056
6.310592 6.310677
1.590730 1.590889
4.245934 4.246107
9.063158 9.063390
3.899319 3.899369
0.313595 0.313719
9.071159 9.071288
6.214433 6.214585
9.032886 9.033098
5.810261 5.810409
6.403851 6.403956
9.206487 9.206580
9.936674 9.936807
5.007627 5.007806
9.525925 9.526157
4.710443 4.710606
8.141544 8.141738
5.356518 5.356784
0.446522 0.446561
7.165853 7.166067
3.030651 3.030707
3.466184 3.466260
6.643864 6.643997
6.959647 6.959722
0.784139 0.784301
0.496462 0.496484
0.749493 0.749655
7.367714 7.367779
3.024201 3.024290
5.809079 5.809176
2.858044 2.858226
2.790512 2.790662
1.008452 1.008567
7.418933 7.419128
3.667203 3.667284
7.201215 7.201427
5.792403 5.792418
3.938550 3.938631
9.619056 9.619128
2.633451 2.633669
7.236660 7.236777
2.400654 2.400726
6.733575 6.733628
0.164042 0.164172
9.257980 9.258114
4.541374 4.541483
3.779834 3.779929
0.786832 0.787101
4.813562 4.813732
4.749204 4.749285
1.406256 1.406403
3.255182 3.255327
5.520739 5.520938
7.326282 7.326435
1.556725 1.556815
7.382281 7.382506
0.066244 0.066494
5.094833 5.095113
3.312632 3.312674
7.097795 7.097890
8.107274 8.107404
6.714390 6.714552
7.364856 7.364990
7.025056 7.025159
5.565129 5.565377
3.512411 3.512550
8.797653 8.797749
9.477385 9.477631
8.212310 8.212393
5.732996 5.733113
1.223660 1.223795
2.496294 2.496410
1.730231 1.730313
4.618924 4.619052
0.387281 0.387351
5.545516 5.545697
7.577677 7.577797
0.740005 0.740095
5.386967 5.387100
4.003986 4.004124
8.254139 8.254303
2.736171 2.736396
2.972942 2.972982
6.576711 6.576792
8.731256 8.731283
6.289314 6.289519
7.799955 7.800109
7.069718 7.069890
7.278053 7.278113
1.151219 1.151374
2.028213 2.028332
9.678720 9.678777
5.771392 5.771673
8.047219 8.047341
8.908331 8.908423
5.606712 5.606895
8.219867 8.219925
2.617632 2.617799
5.630601 5.630655
5.565254 5.565433
7.243168 7.243446
5.692928 5.693045
8.199813 8.199899
7.750103 7.750263
2.024788 2.025009
8.215682 8.215829
8.099056 8.099136
5.393951 5.394111
4.206384 4.206439
0.781307 0.781424
4.844127 4.844243
3.977081 3.977155
9.460929 9.461089
4.368192 4.368255
8.888585 8.888749
6.613632 6.613869
1.088475 1.088595
9.150118 9.150151
4.916537 4.916641
8.878951 8.879012
4.722592 4.722656
8.547934 8.547997
6.447498 6.447547
7.743007 7.743073
2.984727 2.984934
3.868369 3.868470
2.737724 2.737817
7.772898 7.773000
5.140843 5.141018
8.408405 8.408472
3.973748 3.973802
5.265882 5.265992
2.530610 2.530638
9.334051 9.334201
4.349073 4.349295
5.070886 5.070917
8.665181 8.665364
3.255882 3.255996
5.356993 5.357191
4.255010 4.255155
8.206902 8.206974
5.479063 5.479188
3.486532 3.486637
2.268253 2.268355
8.611985 8.612055
0.361467 0.361531
0.917782 0.917964
0.869752 0.869794
2.806660 2.806723
9.238471 9.238541
6.408398 6.408571
4.141343 4.141513
7.229182 7.229355
0.924968 0.925096
2.396734 2.396939
0.638426 0.638482
7.762231 7.762277
8.641386 8.641465
6.432604 6.432775
7.173170 7.173474
4.074845 4.075051
2.795161 2.795245
8.257800 8.257871
7.333871 7.333963
4.808231 4.808266
4.068672 4.068728
5.890580 5.890660
9.979540 9.979617
0.660243 0.660305
3.231421 3.231554
5.546068 5.546153
8.482747 8.482877
6.297647 6.297698
0.372972 0.373320
8.035263 8.035496
0.487167 0.487255
1.351209 1.351250
3.676514 3.676808
4.289855 4.289903
7.751750 7.751766
5.697746 5.697888
4.771776 4.771941
0.285071 0.285281
6.124070 6.124221
9.488640 9.488751
0.640945 0.641085
7.181233 7.181293
8.996893 8.997042
3.719476 3.719535
6.306790 6.306896
6.626442 6.626465
0.777590 0.777725
6.804225 6.804351
5.185093 5.185394
9.227916 9.228022
1.547411 1.547562
7.606445 7.606581
0.968985 0.969307
8.884241 8.884345
1.640197 1.640313
3.527485 3.527623
1.507288 1.507596
2.919712 2.919780
6.343529 6.343575
4.631698 4.631788
8.404232 8.404357
2.896314 2.896487
8.576645 8.576721
7.987105 7.987301
8.181681 8.181794
4.830873 4.830949
7.268827 7.268863
1.099581 1.099824
6.503690 6.503808
7.153694 7.153827
3.241811 3.241926
6.509638 6.509675
9.999432 9.999679
3.606136 3.606187
4.257991 4.258063
4.303027 4.303079
6.219233 6.219263
9.312184 9.312224
6.030836 6.030947
6.720064 6.720080
8.583258 8.583322
0.047679 0.047713
6.217143 6.217485
2.405593 2.405749
2.544150 2.544353
6.921325 6.921431
2.510242 2.510352
4.373888 4.373960
4.625269 4.625422
0.003870 0.004057
9.068611 9.068782
1.094864 1.094935
6.059287 6.059386
9.745410 9.745604
3.388655 3.388805
7.111449 7.111590
9.784951 9.785005
4.421201 4.421370
4.162344 4.162397
6.193256 6.193366
7.445331 7.445547
7.021450 7.021711
7.907769 7.908036
4.077651 4.077830
6.175291 6.175508
7.923610 7.923771
8.080627 8.080748
5.577631 5.577830
0.187539 0.187615
3.508486 3.508760
0.666353 0.666543
7.082678 7.082810
4.801924 4.801978
7.485297 7.485402
7.001558 7.001679
7.919792 7.919940
6.927012 6.927182
7.540617 7.540689
5.149644 5.149784
7.174849 7.175011
6.487583 6.487705
4.039832 4.039990
6.296523 6.296559
7.865288 7.865400
4.723706 4.723830
6.128320 6.128481
3.952512 3.952576
4.073664 4.073705
5.322211 5.322451
6.720257 6.720343
8.129713 8.129759
8.903535 8.903653
6.727766 6.727820
4.445283 4.445432
8.129303 8.129373
6.769522 6.769758
1.760100 1.760206
5.250914 5.251048
8.102770 8.102935
0.732808 0.732862
0.883970 0.884168
4.425621 4.425715
0.904392 0.904576
1.027015 1.027176
7.750564 7.750784
4.007071 4.007162
9.869756 9.869871
5.928865 5.928935
7.222342 7.222469
7.671029 7.671113
4.742499 4.742637
1.952105 1.952205
0.760257 0.760461
1.688226 1.688337
5.189126 5.189181
5.780548 5.780646
1.814251 1.814333
6.009129 6.009139
7.841936 7.842004
8.918965 8.919109
8.714831 8.714928
5.132672 5.132766
6.178734 6.178847
4.253898 4.253970
6.191001 6.191178
0.973688 0.973829
0.098032 0.098258
0.490510 0.490647
6.848744 6.848953
0.999224 0.999381
3.494852 3.494969
9.702818 9.702959
8.617619 8.617813
1.105654 1.105860
6.776978 6.777201
0.163208 0.163384
5.420731 5.420975
3.923466 3.923636
5.911441 5.911601
5.860990 5.861155
3.379949 3.380042
9.251736 9.251788
6.114471 6.114656
3.034775 3.034920
6.643251 6.643403
2.401767 2.401889
4.288703 4.288894
9.847943 9.848107
3.995360 3.995450
4.477054 4.477197
6.469672 6.469847
2.428960 2.429043
7.262388 7.262503
1.877333 1.877558
5.151909 5.152037
0.942643 0.942744
2.172497 2.172643
9.165723 9.165803
9.646419 9.646635
7.365890 7.365966
0.324036 0.324164
9.433096 9.433216
1.996121 1.996171
7.279369 7.279589
9.847755 9.847964
9.772003 9.772094
1.680136 1.680389
9.718822 9.718954
3.575840 3.575926
7.088387 7.088683
4.092503 4.092532
5.167662 5.167670
4.171345 4.171431
7.135800 7.135915
3.112623 3.112663
2.908459 2.908676
9.635217 9.635237
4.340581 4.340781
8.884141 8.884297
8.537393 8.537472
8.924983 8.925143
9.134081 9.134233
3.318995 3.319247
9.140781 9.140863
2.061724 2.061799
2.904014 2.904206
3.505648 3.505770
5.552749 5.552957
2.137462 2.137666
3.125733 3.125853
5.955359 5.955617
4.868066 4.868199
6.055883 6.056158
9.976288 9.976441
8.497755 8.498030
5.201948 5.202011
0.021430 0.021488
2.259519 2.259619
0.010321 0.010381
1.664676 1.664740
4.791611 4.791753
2.691966 2.692196
8.979715 8.979762
2.750132 2.750202
4.165670 4.165802
0.229927 0.230004
1.501449 1.501720
9.040666 9.040804
0.004146 0.004216
0.349848 0.349886
6.496268 6.496398
1.203171 1.203326
9.058612 9.058724
9.993029 9.993097
2.438847 2.438920
7.555445 7.555516
4.520855 4.520912
4.795612 4.795787
1.113800 1.113872
1.582947 1.582996
4.001801 4.001810
4.023648 4.023898
0.426641 0.426833
5.769504 5.769606
7.645073 7.645210
6.395725 6.395757
7.865472 7.865584
0.973448 0.973622
4.990055 4.990135
9.894939 9.894966
9.870402 9.870597
3.608880 3.609036
1.572017 1.572075
5.170809 5.170858
8.954369 8.954613
2.297883 2.298034
9.781753 9.781823
8.630650 8.630862
9.021647 9.021786
2.656748 2.656792
1.355545 1.355599
3.275974 3.276079
9.376354 9.376575
3.677291 3.677383
2.739695 2.739772
3.433603 3.433807
4.020155 4.020249
8.961432 8.961617
7.378572 7.378673
4.985056 4.985242
6.925208 6.925284
2.856740 2.856970
7.643960 7.644056
8.623892 8.624283
6.142215 6.142345
1.666798 1.666858
6.909780 6.909794
6.440949 6.441146
3.806453 3.806504
0.424716 0.424798
4.582807 4.583071
3.458282 3.458435
1.058105 1.058165
6.240291 6.240368
4.845649 4.845744
9.230870 9.230968
7.885261 7.885406
7.930061 7.930143
8.643068 8.643274
4.343240 4.343361
1.899683 1.899832
2.278484 2.278585
2.150447 2.150498
8.636493 8.636626
2.513218 2.513362
6.014160 6.014314
9.023493 9.023601
2.963426 2.963450
7.464571 7.464812
6.265618 6.265712
7.880718 7.880871
1.479654 1.479902
2.603380 2.603477
1.186240 1.186390
1.609637 1.609873
8.534561 8.534615
9.170040 9.170149
7.119102 7.119286
3.081938 3.082002
7.997586 7.997705
9.166235 9.166386
1.875467 1.875582
8.534893 8.534998
9.083426 9.083503
9.031322 9.031411
1.846196 1.846343
9.242768 9.242982
7.616689 7.616725
6.352880 6.352933
8.968777 8.968898
0.974895 0.974936
6.826534 6.826710
7.405315 7.405428
8.485211 8.485382
3.557637 3.557844
2.271692 2.271816
6.859146 6.859230
0.399062 0.399156
9.219205 9.219317
5.747181 5.747324
9.605965 9.606195
7.714219 7.714393
6.782018 6.782265
6.804454 6.804605
4.725438 4.725491
7.482433 7.482461
7.995531 7.995681
1.412129 1.412202
8.041997 8.042078
3.209951 3.210048
7.069068 7.069263
9.234754 9.234830
5.131573 5.131722
7.928236 7.928343
8.847372 8.847479
6.999554 6.999775
0.781397 0.781523
0.671550 0.671623
6.425206 6.425238
6.406012 6.406115
3.750419 3.750486
2.419142 2.419240
5.298065 5.298218
8.891845 8.891977
7.949744 7.949910
6.506911 6.507055
8.184761 8.184875
6.559903 6.560039
1.821201 1.821358
4.696098 4.696129
6.153353 6.153387
2.730713 2.730791
6.887698 6.887807
9.934028 9.934087
5.642860 5.642970
4.100379 4.100473
9.491510 9.491604
7.807808 7.808015
9.350301 9.350370
9.455268 9.455474
7.951979 7.952132
9.822065 9.822173
2.750233 2.750277
4.655262 4.655475
1.576504 1.576561
6.324005 6.324183
8.578377 8.578411
3.680603 3.680621
7.683517 7.683622
2.310948 2.311068
3.929743 3.929772
0.017606 0.017713
5.242305 5.242476
5.614872 5.615034
7.884076 7.884225
8.483012 8.483115
0.457023 0.457201
9.586714 9.586837
4.965689 4.965939
6.208441 6.208553
4.067990 4.068137
9.372681 9.372806
0.435621 0.435667
0.129646 0.129717
9.252218 9.252475
5.455241 5.455308
5.989944 5.990038
5.180200 5.180220
0.921598 0.921794
1.075411 1.075606
5.318617 5.318662
3.739399 3.739505
8.955302 8.955513
7.796231 7.796436
4.959749 4.959845
3.883493 3.883645
4.577019 4.577103
5.666556 5.666657
6.879430 6.879505
1.820117 1.820239
8.897551 8.897791
5.017637 5.017752
7.459479 7.459646
6.325489 6.325612
8.717727 8.717901
1.124941 1.125214
8.083589 8.083857
7.800975 7.801033
8.059867 8.059929
4.974785 4.974968
5.751147 5.751226
6.488816 6.488851
2.873798 2.873894
6.755599 6.755699
4.862171 4.862261
7.633811 7.633864
9.550551 9.550657
0.443181 0.443282
5.081508 5.081735
6.640797 6.640921
9.809350 9.809363
5.011459 5.011630
1.648875 1.649018
5.276678 5.276880
0.011443 0.011570
8.779145 8.779314
8.290211 8.290316
3.022825 3.022844
3.527849 3.528066
9.291303 9.291349
4.059455 4.059507
2.882027 2.882115
2.826237 2.826342
0.257976 0.258012
7.711618 7.711662
6.866731 6.866855
0.399129 0.399260
0.941079 0.941164
8.931390 8.931533
8.158943 8.158989
0.150661 0.150760
8.963815 8.963973
6.273701 6.273855
3.410244 3.410420
6.056715 6.056776
9.636176 9.636212
7.072881 7.072985
1.812368 1.812431
3.253765 3.253921
4.037880 4.037916
3.676905 3.676973
7.007994 7.008020
7.646255 7.646431
9.741832 9.741875
9.193703 9.193805
1.487899 1.488087
5.298899 5.299105
7.163055 7.163186
5.120744 5.120849
2.721428 2.721572
1.634307 1.634393
5.033187 5.033299
2.225830 2.226017
6.841152 6.841208
8.220581 8.220708
8.833459 8.833606
6.226185 6.226416
9.029727 9.029869
8.115269 8.115334
1.557646 1.557755
1.737216 1.737371
9.145041 9.145081
3.189168 3.189278
4.820512 4.820586
7.534402 7.534459
3.465449 3.465688
3.179105 3.179188
0.948362 0.948501
9.982423 9.982509
0.200200 0.200287
4.331215 4.331334
9.504701 9.504763
8.423237 8.423334
2.756938 2.757002
5.157999 5.158095
0.299220 0.299384
0.056285 0.056354
4.538308 4.538381
5.298479 5.298708
7.868323 7.868559
8.631443 8.631580
7.934240 7.934431
5.622737 5.622954
0.193110 0.193128
9.113665 9.113761
1.797875 1.797945
9.447341 9.447476
3.843983 3.844170
1.470097 1.470219
8.748292 8.748353
2.345967 2.346170
6.911430 6.911464
8.249423 8.249509
9.821649 9.821727
9.688252 9.688460
8.945229 8.945326
5.042877 5.043074
6.177239 6.177409
9.374102 9.374344
1.108467 1.108646
9.027913 9.027947
0.598948 0.599022
6.446197 6.446424
6.580722 6.580756
4.389159 4.389189
6.607663 6.607806
7.145556 7.145640
5.274914 5.275029
6.176709 6.176787
8.593946 8.594204
3.628766 3.628806
3.875404 3.875427
0.196595 0.196655
4.657090 4.657165
1.380975 1.381111
9.106607 9.106665
8.946523 8.946717
3.292056 3.292220
4.691103 4.691261
4.095236 4.095390
7.650181 7.650251
3.971307 3.971363
4.836311 4.836425
1.320833 1.320997
3.110618 3.110690
6.584039 6.584131
5.147340 5.147499
2.474707 2.474925
4.267538 4.267564
4.234814 4.234997
6.969451 6.969590
4.865891 4.865906
4.359842 4.359976
8.984379 8.984395
0.371016 0.371255
8.401011 8.401079
7.598087 7.598271
1.844722 1.844805
5.084780 5.084978
1.640062 1.640183
2.287756 2.287826
3.060519 3.060692
3.494352 3.494446
0.769296 0.769461
3.824919 3.825071
0.977293 0.977469
9.234614 9.234719
3.584767 3.584812
5.050229 5.050427
0.094205 0.094282
0.947466 0.947706
3.495221 3.495279
4.920636 4.920689
1.113690 1.113810
6.631660 6.631756
8.175544 8.175617
9.163588 9.163704
0.368341 0.368476
8.622933 8.623109
0.665430 0.665701
1.230695 1.230716
8.138051 8.138160
2.867505 2.867691
4.733604 4.733725
7.055669 7.055869
7.816520 7.816570
7.672073 7.672246
5.653551 5.653614
9.216099 9.216244
7.151854 7.151973
6.985753 6.985810
2.770472 2.770903
4.103468 4.103606
9.656552 9.656688
9.684875 9.684937
8.603267 8.603509
9.039715 9.039796
3.177164 3.177331
1.689300 1.689477
0.211459 0.211538
1.869690 1.869819
1.670703 1.670789
5.295079 5.295143
2.559335 2.559529
0.124107 0.124290
4.477244 4.477345
3.142919 3.143060
0.040609 0.040639
8.715070 8.715200
6.224191 6.224278
8.004327 8.004527
6.243611 6.243750
3.930954 3.930974
2.275201 2.275436
5.965770 5.965895
3.213683 3.213845
9.924678 9.924801
4.172422 4.172508
0.943733 0.943962
4.267792 4.267865
2.926662 2.926819
9.578755 9.578961
7.710362 7.710508
4.238870 4.238941
4.107041 4.107074
6.194500 6.194558
4.656779 4.656916
4.633552 4.633623
9.353607 9.353791
2.628012 2.628185
6.251508 6.251672
4.799225 4.799475
5.126965 5.127128
9.896431 9.896485
6.276065 6.276111
0.687583 0.687598
7.030653 7.030725
2.895198 2.895399
9.102386 9.102639
6.743912 6.744191
5.821683 5.821887
5.154764 5.155027
4.502221 4.502254
6.859630 6.859727
9.009450 9.009536
5.317799 5.317919
6.558697 6.558757
4.368635 4.368908
0.254277 0.254337
7.057803 7.057892
4.322205 4.322281
8.587127 8.587154
2.156413 2.156668
7.395386 7.395528
0.981256 0.981407
8.741832 8.742037
9.391268 9.391397
5.867058 5.867096
2.023485 2.023632
4.568150 4.568185
7.768181 7.768396
3.745771 3.746059
1.625812 1.625862
8.801517 8.801660
9.083601 9.083695
7.531404 7.531523
3.764839 3.764849
0.640542 0.640643
9.630877 9.630981
5.972766 5.972858
4.069615 4.069690
8.673886 8.674112
7.012255 7.012359
8.961677 8.961758
2.151276 2.151336
8.741002 8.741131
8.453391 8.453524
2.097032 2.097170
8.317348 8.317521
0.514221 0.514456
4.535916 4.536036
2.203956 2.204080
9.418763 9.418830
8.458719 8.458904
6.482462 6.482509
9.891331 9.891462
1.432254 1.432346
7.300091 7.300174
3.290108 3.290210
0.495224 0.495366
6.708370 6.708395
5.649342 5.649412
4.312763 4.312830
7.900666 7.900705
8.851128 8.851224
1.706388 1.706554
3.432098 3.432297
4.754128 4.754239
8.045364 8.045504
1.246769 1.246832
6.398012 6.398127
2.549941 2.550079
3.480199 3.480282
0.220333 0.220467
2.563170 2.563247
4.486398 4.486549
6.391002 6.391058
5.294863 5.295108
1.904572 1.904660
3.164613 3.164667
0.988405 0.988448
9.968904 9.968972
0.688736 0.688859
6.353210 6.353315
0.245954 0.246145
1.372425 1.372572
3.077185 3.077354
3.006256 3.006396
3.954228 3.954386
3.579987 3.580213
5.465532 5.465752
6.667572 6.667786
4.341197 4.341271
2.493058 2.493089
0.600672 0.600739
6.921827 6.921889
5.532666 5.532753
2.064475 2.064672
5.054388 5.054544
8.386866 8.387011
0.300197 0.300225
6.317135 6.317252
9.493005 9.493142
9.747837 9.747885
2.871882 2.872042
2.373962 2.374096
2.320303 2.320438
3.954624 3.954672
8.381577 8.381646
1.784312 1.784510
1.040726 1.040934
8.924278 8.924422
6.666003 6.666208
7.084315 7.084406
8.470280 8.470383
0.733487 0.733539
0.727020 0.727176
0.678624 0.678753
3.542207 3.542265
4.117109 4.117185
3.434303 3.434530
7.494796 7.494859
9.180951 9.181015
4.165802 4.165881
9.060278 9.060491
6.707452 6.707479
6.295612 6.295652
7.301644 7.301810
2.256131 2.256187
8.590266 8.590410
3.471906 3.471959
7.853060 7.853260
8.031852 8.032007
8.505759 8.505865
3.952265 3.952314
0.604427 0.604465
6.773705 6.773778
9.490882 9.490892
2.721374 2.721456
0.789671 0.789719
5.843230 5.843457
9.934980 9.935252
3.614648 3.614674
5.274768 5.274891
8.438192 8.438214
9.335460 9.335557
1.826981 1.827073
1.597083 1.597160
3.253208 3.253400
4.497128 4.497191
4.631733 4.631815
3.522977 3.523148
5.691252 5.691392
5.085130 5.085193
2.053530 2.053667
3.090058 3.090171
8.242735 8.242945
8.934277 8.934340
0.416477 0.416586
4.112485 4.112575
5.659764 5.659963
2.132380 2.132492
8.243986 8.244109
5.249794 5.249978
8.655335 8.655537
5.067231 5.067256
4.698636 4.698676
4.306858 4.306942
1.869120 1.869140
6.221644 6.221769
6.801082 6.801295
3.922524 3.922690
2.373095 2.373265
6.929711 6.929837
2.982609 2.982659
8.367109 8.367285
0.838337 0.838567
7.760213 7.760381
0.024659 0.024721
7.104678 7.104817
6.157202 6.157317
2.564744 2.564900
5.638208 5.638312
7.189874 7.189975
9.235493 9.235604
6.348414 6.348663
0.748335 0.748520
7.791592 7.791801
7.947358 7.947486
7.009142 7.009282
8.641270 8.641373
2.152697 2.152715
3.209436 3.209596
0.596809 0.596948
2.830821 2.830952
0.712995 0.713156
4.186863 4.186954
5.750533 5.750561
4.816458 4.816534
0.092858 0.092949
6.285347 6.285446
4.347737 4.347796
4.194624 4.194735
3.048892 3.049018
2.955469 2.955628
6.030230 6.030364
1.531688 1.531764
2.151250 2.151345
7.465270 7.465431
5.719883 5.720124
9.462175 9.462296
3.558432 3.558574
4.466151 4.466314
7.314652 7.314816
7.314386 7.314539
4.271827 4.272024
7.481433 7.481606
0.031310 0.031391
1.992112 1.992123
1.922796 1.923090
2.225716 2.225755
5.214006 5.214235
5.752362 5.752487
5.817056 5.817205
4.141654 4.141869
0.490617 0.490744
3.520921 3.521033
5.144752 5.144890
1.628677 1.628858
5.287509 5.287657
5.996903 5.997094
9.075292 9.075359
1.914313 1.914491
9.081885 9.081992
1.433513 1.433674
2.812883 2.813037
8.861082 8.861286
3.291965 3.292075
4.018883 4.018995
1.445660 1.445837
1.810005 1.810077
4.845323 4.845403
9.779962 9.780195
5.282778 5.282983
5.443412 5.443472
2.773086 2.773200
0.555646 0.555681
8.615869 8.615899
3.807597 3.807701
6.935276 6.935351
5.710197 5.710209
3.816275 3.816492
1.552248 1.552343
4.142163 4.142275
1.753265 1.753352
0.606376 0.606483
1.327371 1.327481
4.603428 4.603609
5.769420 5.769680
7.077760 7.077801
0.345933 0.345976
1.126733 1.126917
4.760816 4.760861
5.552009 5.552272
7.464684 7.464836
8.170149 8.170180
5.607250 5.607467
6.163933 6.164010
6.244555 6.244757
6.327170 6.327237
1.908722 1.908774
9.458294 9.458394
1.498281 1.498328
8.369997 8.370029
2.095567 2.095675
0.928144 0.928261
9.132699 9.132811
2.460231 2.460295
3.389214 3.389353
3.757373 3.757524
6.497078 6.497171
8.288688 8.288783
7.281140 7.281298
5.652035 5.652176
2.609664 2.609752
0.778466 0.778571
1.788713 1.788761
1.328763 1.328870
5.479665 5.479678
4.748664 4.748899
0.494295 0.494416
4.502795 4.502872
2.091586 2.091726
6.758496 6.758605
3.197126 3.197177
9.678483 9.678827
0.396008 0.396184
5.790234 5.790397
4.721534 4.721612
3.866600 3.866684
4.387330 4.387442
0.183767 0.183836
1.458129 1.458155
1.320736 1.320911
2.532662 2.532947
6.490918 6.491040
2.004740 2.004821
8.641056 8.641187
2.795411 2.795662
1.706121 1.706319
6.500898 6.500925
5.008022 5.008073
0.396034 0.396237
5.819896 5.820094
8.549947 8.550132
6.915982 6.916152
6.064683 6.064810
5.968315 5.968335
6.341665 6.341733
3.659696 3.659882
0.620059 0.620126
3.597138 3.597282
3.111528 3.111665
4.773363 4.773615
0.407580 0.407626
8.367132 8.367253
2.420235 2.420325
1.841618 1.841831
4.000959 4.001132
0.374650 0.374738
9.774591 9.774708
0.588177 0.588327
8.421460 8.421593
8.892065 8.892230
8.946652 8.946752
2.360379 2.360459
0.968961 0.969124
6.606284 6.606314
6.920279 6.920458
4.903078 4.903147
3.364202 3.364268
4.594718 4.594731
5.081232 5.081371
4.250905 4.251030
5.974748 5.974827
5.563404 5.563461
4.508782 4.509002
1.688471 1.688556
6.357351 6.357405
7.688751 7.688863
5.502394 5.502546
4.926572 4.926705
4.069254 4.069282
3.229289 3.229406
0.583328 0.583391
1.063544 1.063715
2.205075 2.205209
2.989675 2.989791
1.496575 1.496679
2.975778 2.975951
5.865987 5.866166
2.010850 2.010948
2.801920 2.802089
9.318381 9.318492
3.257860 3.258099
3.775274 3.775357
3.839353 3.839530
6.652848 6.652974
8.453495 8.453587
8.127791 8.127905
1.983687 1.983885
9.647099 9.647189
6.911971 6.912046
1.232943 1.233031
8.693256 8.693393
1.373956 1.374026
6.644396 6.644528
3.347407 3.347554
8.931558 8.931704
8.825910 8.825987
8.275899 8.275976
3.514600 3.514700
9.454629 9.454745
6.897419 6.897604
4.802877 4.802973
4.578367 4.578424
1.878088 1.878252
7.630171 7.630339
5.267096 5.267208
6.116897 6.117049
0.289429 0.289587
7.696490 7.696588
6.438822 6.438889
4.167358 4.167500
8.663817 8.663880
1.113394 1.113579
2.787838 2.787923
7.810670 7.810691
5.023913 5.024011
8.351675 8.351734
5.355999 5.356111
8.603698 8.603883
1.335221 1.335300
5.403476 5.403551
6.839441 6.839476
3.702215 3.702365
8.300105 8.300175
3.664876 3.664979
7.899394 7.899669
3.821984 3.822048
2.877763 2.877899
1.071677 1.071812
9.321638 9.321813
5.747392 5.747453
3.488851 3.488998
1.848773 1.848973
0.019213 0.019269
3.467520 3.467590
2.188659 2.188718
7.453231 7.453318
6.704762 6.704977
3.513565 3.513786
6.861508 6.861704
2.139623 2.139795
4.441578 4.441713
2.017773 2.017839
9.577326 9.577502
1.348107 1.348251
4.591791 4.591857
2.690098 2.690240
7.800296 7.800507
5.357866 5.357934
3.201714 3.201857
7.516630 7.516725
0.224432 0.224572
8.829072 8.829198
8.012270 8.012411
7.791195 7.791317
2.423042 2.423192
5.488792 5.488942
5.282406 5.282568
4.288718 4.288741
9.469105 9.469179
8.323902 8.324007
4.366296 4.366443
7.798566 7.798634
4.111974 4.112058
6.170855 6.171050
6.359311 6.359391
4.599406 4.599447
7.161842 7.162020
5.920898 5.921022
1.194304 1.194586
3.707392 3.707558
6.284988 6.285031
2.878827 2.879045
4.813018 4.813167
0.870934 0.871079
4.849644 4.849764
9.138480 9.138569
3.925647 3.925890
8.754356 8.754386
7.031173 7.031366
7.404824 7.404905
4.639320 4.639383
0.808330 0.808445
4.219528 4.219642
3.291783 3.292058
0.985488 0.985701
1.896166 1.896412
8.534162 8.534379
5.540186 5.540269
2.201374 2.201442
3.115488 3.115632
5.268483 5.268591
5.333479 5.333593
5.644214 5.644433
4.197186 4.197330
8.188241 8.188302
9.514507 9.514593
9.568730 9.568858
1.504263 1.504387
7.064100 7.064239
9.054318 9.054512
8.301692 8.301751
5.572479 5.572654
6.474489 6.474551
1.963929 1.964088
9.217750 9.217834
8.463127 8.463203
3.364528 3.364674
7.565433 7.565484
9.787612 9.787716
0.184683 0.184748
9.815487 9.815611
7.239235 7.239435
9.228840 9.228909
4.735203 4.735260
9.102116 9.102270
6.943635 6.943740
4.216129 4.216228
7.238294 7.238387
7.765997 7.766165
9.492441 9.492559
5.134787 5.134889
7.839728 7.839832
7.425977 7.426059
2.092215 2.092394
3.451934 3.452139
5.110015 5.110122
7.548478 7.548604
7.776911 7.777058
3.708689 3.708729
7.647877 7.647932
1.576372 1.576456
5.960683 5.960935
0.573585 0.573715
4.836848 4.836893
8.836075 8.836319
4.732737 4.732855
3.732483 3.732559
4.951369 4.951539
1.716500 1.716687
6.898222 6.898382
0.945839 0.945849
4.079867 4.079991
9.876848 9.876888
6.430683 6.430732
3.848969 3.849006
6.677537 6.677656
6.688818 6.688944
0.326867 0.326963
7.113267 7.113388
1.316393 1.316541
1.011885 1.011903
6.505508 6.505562
8.760889 8.760947
0.085276 0.085406
8.946383 8.946394
4.152582 4.152764
4.690423 4.690620
4.740431 4.740525
8.216416 8.216494
7.211557 7.211605
7.382451 7.382497
7.136206 7.136259
9.584280 9.584435
4.450652 4.450903
2.711871 2.711898
6.552537 6.552802
2.665830 2.665978
7.742272 7.742396
8.729823 8.729938
3.624290 3.624469
3.678151 3.678303
3.209168 3.209213
0.826481 0.826589
5.204879 5.204940
2.872825 2.872935
8.179179 8.179280
3.840172 3.840206
3.007038 3.007128
1.326698 1.326814
4.573432 4.573505
5.321722 5.321787
8.371938 8.372061
2.267559 2.267665
4.734220 4.734408
6.273516 6.273597
1.310684 1.310708
4.581694 4.581830
5.325970 5.326115
4.681938 4.682133
0.575111 0.575224
4.571373 4.571432
7.658888 7.658982
4.851233 4.851366
8.323474 8.323618
9.438858 9.438983
1.676353 1.676370
6.304556 6.304661
0.655979 0.656037
5.671687 5.671786
3.998150 3.998301
4.117518 4.117639
3.841348 3.841394
5.505669 5.505737
8.640017 8.640182
2.467737 2.467865
0.157897 0.158060
5.168725 5.168815
0.391316 0.391441
6.291274 6.291396
3.013361 3.013505
0.829608 0.829675
7.471411 7.471658
5.002587 5.002804
6.998023 6.998193
6.558056 6.558262
0.165928 0.166058
9.644831 9.644858
5.992519 5.992777
3.409026 3.409201
3.418747 3.418933
0.214061 0.214155
4.084284 4.084343
5.778022 5.778068
9.298893 9.298964
5.624066 5.624286
8.996929 8.997162
2.346426 2.346550
2.407154 2.407229
6.436185 6.436225
8.265086 8.265141
5.594717 5.594746
8.264214 8.264270
9.036616 9.036771
2.291634 2.291732
5.171686 5.171791
7.135828 7.136017
3.921805 3.921869
3.751127 3.751409
3.359153 3.359209
6.101277 6.101424
3.755525 3.755732
6.163582 6.163635
1.453395 1.453584
9.893294 9.893382
5.352436 5.352646
2.242062 2.242187
8.641510 8.641552
9.113304 9.113494
5.879632 5.879716
6.508664 6.508867
9.624259 9.624274
5.343417 5.343544
1.191225 1.191433
0.604807 0.604940
4.254637 4.254834
5.138796 5.138822
0.788648 0.788695
9.369722 9.369795
4.318164 4.318228
8.725052 8.725184
9.269161 9.269235
1.555154 1.555172
2.740031 2.740094
8.881296 8.881457
4.198512 4.198744
7.729747 7.729933
4.484060 4.484238
9.664900 9.665081
5.296349 5.296537
7.954072 7.954275
6.078759 6.078873
1.241677 1.241806
3.394379 3.394507
4.129359 4.129394
9.186041 9.186172
8.931141 8.931276
1.219624 1.219658
5.709125 5.709225
5.866539 5.866604
4.253869 4.254142
2.940914 2.941050
1.314509 1.314674
4.464255 4.464406
9.660516 9.660555
3.633898 3.634033
8.847952 8.848089
9.701359 9.701459
2.668817 2.669009
1.935299 1.935476
2.023481 2.023555
8.541255 8.541357
1.041260 1.041407
9.357530 9.357753
9.833233 9.833367
4.556769 4.556915
4.540279 4.540385
5.535746 5.535883
5.934758 5.934828
6.614171 6.614304
6.957591 6.957701
9.261483 9.261655
3.660048 3.660067
9.567112 9.567323
8.952035 8.952162
6.098463 6.098551
8.791701 8.791873
1.681727 1.681794
3.499590 3.499712
8.171868 8.171892
3.455067 3.455264
4.406219 4.406360
8.952018 8.952103
5.980283 5.980479
8.839280 8.839421
5.774409 5.774527
7.983944 7.984007
3.138414 3.138605
4.606516 4.606597
7.976007 7.976147
2.058168 2.058255
9.637571 9.637692
9.821094 9.821232
8.829695 8.829866
9.961824 9.961959
6.903711 6.903879
6.138341 6.138438
9.897137 9.897263
2.267501 2.267600
2.258078 2.258137
9.171613 9.171718
2.103037 2.103209
4.113699 4.113863
7.351429 7.351549
0.273839 0.273968
2.892761 2.892862
7.047000 7.047259
5.181096 5.181142
5.809837 5.809915
9.837227 9.837358
5.337574 5.337742
8.808456 8.808594
8.636998 8.637106
3.359025 3.359229
7.800938 7.800993
9.018943 9.019054
9.811083 9.811161
0.449910 0.450000
0.276540 0.276769
6.089986 6.090036
1.127807 1.128004
4.707800 4.707832
1.926777 1.926861
4.095343 4.095361
2.038981 2.039015
6.878576 6.878786
5.339747 5.339975
8.060941 8.061123
2.710337 2.710674
0.852568 0.852675
3.647849 3.648007
1.424663 1.424904
7.426152 7.426247
6.242971 6.243075
8.651026 8.651170
9.246343 9.246363
8.071453 8.071510
6.244307 6.244419
4.265117 4.265306
2.196860 2.197001
5.182476 5.182719
4.856565 4.856683
4.626109 4.626210
4.867291 4.867398
1.025659 1.025741
9.730845 9.730913
8.340051 8.340149
4.187220 4.187385
4.337708 4.337830
5.175843 5.176088
6.796737 6.796834
2.004584 2.004829
2.415827 2.415915
2.877004 2.877053
1.068056 1.068197
2.668541 2.668707
6.751722 6.751844
7.791333 7.791461
6.233394 6.233498
7.331439 7.331508
0.104114 0.104291
5.725051 5.725217
9.435143 9.435364
7.813116 7.813213
5.574147 5.574189
2.625792 2.625921
3.257155 3.257243
1.260158 1.260316
0.701096 0.701324
0.046873 0.047032
0.428353 0.428450
3.947062 3.947213
7.635312 7.635460
9.129271 9.129400
2.110566 2.110646
7.545542 7.545637
9.416184 9.416232
6.047453 6.047519
6.541585 6.541786
0.494710 0.494776
1.486606 1.486732
8.571686 8.571848
3.061325 3.061421
5.426063 5.426169
2.524898 2.525036
7.869855 7.870012
2.186702 2.186760
1.328891 1.329088
8.219287 8.219418
4.885351 4.885438
4.750318 4.750438
0.160690 0.160775
1.620970 1.621054
0.821038 0.821140
0.867617 0.867707
7.732867 7.732927
0.896953 0.896977
4.263524 4.263538
7.920462 7.920591
5.734153 5.734239
0.141762 0.141787
1.619971 1.620269
3.712595 3.712730
8.830170 8.830262
9.821363 9.821585
4.597953 4.598022
6.695463 6.695658
3.634362 3.634585
9.836545 9.836667
6.246572 6.246785
9.951022 9.951121
3.726173 3.726303
9.592410 9.592498
8.236515 8.236659
2.114388 2.114458
3.825961 3.826027
8.954209 8.954276
4.544531 4.544648
9.702064 9.702156
2.040086 2.040261
6.652530 6.652606
6.375975 6.376034
5.367842 5.367896
8.344733 8.344853
2.306204 2.306310
7.089171 7.089290
9.101971 9.102131
5.935905 5.936095
4.026531 4.026634
9.909800 9.909880
3.518670 3.518801
0.169229 0.169384
7.608999 7.609023
6.310568 6.310888
1.123664 1.123835
9.788259 9.788372
1.526256 1.526409
0.205615 0.205635
5.300320 5.300463
2.344516 2.344659
9.190807 9.191015
6.294749 6.294832
9.104048 9.104178
0.502254 0.502397
6.433522 6.433560
4.611880 4.612015
1.598246 1.598311
9.328298 9.328413
0.691324 0.691443
0.561047 0.561258
9.558966 9.559136
4.064506 4.064734
0.684905 0.684985
6.260496 6.260710
7.193855 7.194029
3.952122 3.952364
6.694666 6.694740
3.694354 3.694633
2.860530 2.860688
7.339506 7.339564
4.081731 4.082031
5.297995 5.298055
4.331283 4.331515
3.024348 3.024525
2.753059 2.753102
9.235993 9.236168
1.112839 1.112904
4.627595 4.627720
0.356166 0.356245
0.423167 0.423325
7.539875 7.540158
2.391575 2.391678
8.494524 8.494602
2.962180 2.962365
6.813913 6.814153
1.610417 1.610508
0.043972 0.044132
0.993210 0.993315
1.211777 1.211862
7.302072 7.302179
1.268158 1.268242
2.098912 2.099163
3.756379 3.756493
7.056584 7.056791
2.248460 2.248541
7.649730 7.649891
6.622970 6.623091
7.847430 7.847552
3.290732 3.290922
2.499801 2.499886
5.782245 5.782533
2.991694 2.991776
4.937265 4.937383
4.548414 4.548616
9.720139 9.720266
0.285579 0.285683
5.706452 5.706547
7.817348 7.817482
8.440360 8.440606
9.026516 9.026648
8.070951 8.071033
2.353671 2.353833
6.560269 6.560470
5.524990 5.525144
5.134401 5.134430
7.118332 7.118390
4.642307 4.642459
2.711165 2.711256
9.545134 9.545242
1.862157 1.862405
2.625485 2.625591
8.824324 8.824427
1.576634 1.576757
2.555097 2.555168
5.292016 5.292158
1.758535 1.758649
0.526602 0.526706
1.560620 1.560763
7.034930 7.035025
2.308230 2.308339
1.425547 1.425749
2.563408 2.563471
4.346405 4.346488
0.508357 0.508445
0.250828 0.250949
9.085253 9.085364
6.917465 6.917493
2.466752 2.466900
2.396931 2.397030
7.806050 7.806192
8.586536 8.586578
4.916530 4.916672
8.703234 8.703388
0.800698 0.800798
5.036244 5.036457
2.480518 2.480648
4.732305 4.732347
7.292605 7.292639
4.374519 4.374697
0.550426 0.550521
3.872501 3.872620
7.251862 7.252152
1.543595 1.543816
3.189317 3.189359
2.657876 2.658036
1.543383 1.543452
6.760074 6.760102
7.956527 7.956610
0.152878 0.152953
0.827442 0.827456
6.611050 6.611183
4.262173 4.262300
3.226819 3.226935
2.930162 2.930318
5.178108 5.178153
5.689283 5.689351
6.630324 6.630520
0.869851 0.869906
1.510508 1.510707
1.451771 1.451830
3.733718 3.733940
7.861852 7.862032
4.834974 4.835062
3.512761 3.512891
0.369219 0.369371
6.017446 6.017615
5.351777 5.351871
0.812916 0.813140
3.900313 3.900441
0.732800 0.732896
3.424357 3.424380
4.493716 4.493876
7.854026 7.854129
3.861788 3.861823
0.104474 0.104568
4.106352 4.106539
9.714090 9.714139
5.494213 5.494372
2.814257 2.814309
2.627924 2.628039
0.946142 0.946333
2.615971 2.615993
6.653242 6.653271
9.438637 9.438917
8.754047 8.754138
8.764182 8.764435
6.849200 6.849290
8.965880 8.965986
6.302421 6.302510
0.120174 0.120310
7.805823 7.806012
3.169334 3.169419
1.218765 1.218822
8.498462 8.498626
4.549496 4.549543
9.895426 9.895466
1.296181 1.296320
4.251065 4.251233
0.742706 0.742864
2.074862 2.074933
5.600311 5.600581
8.475090 8.475120
7.112144 7.112219
0.930951 0.931052
1.596432 1.596592
4.902675 4.902793
7.993634 7.993668
8.578473 8.578513
1.980771 1.980932
9.531325 9.531480
5.973699 5.973783
8.174135 8.174207
6.603142 6.603392
6.569626 6.569673
1.288107 1.288276
8.769850 8.770218
5.230657 5.230858
8.805332 8.805439
0.183269 0.183378
3.821454 3.821570
9.729695 9.729870
3.983011 3.983032
6.112457 6.112634
5.606756 5.606948
0.008366 0.008449
7.986848 7.987001
0.850373 0.850397
1.590185 1.590300
9.427830 9.427921
1.845133 1.845202
7.624535 7.624666
6.700817 6.700901
0.832142 0.832291
7.347321 7.347377
6.310277 6.310391
3.576435 3.576568
4.386413 4.386504
1.611991 1.612094
3.331257 3.331361
7.801470 7.801668
6.350601 6.350696
5.700029 5.700082
0.711652 0.711787
8.177634 8.177794
6.350256 6.350356
8.530382 8.530720
5.937515 5.937606
5.209428 5.209609
0.356263 0.356406
7.087621 7.087757
4.837815 4.837909
2.021489 2.021595
5.255082 5.255142
6.143656 6.143818
4.385237 4.385347
0.489229 0.489392
6.767897 6.768080
5.984128 5.984188
1.896901 1.897200
9.067714 9.067741
4.016858 4.017111
5.429713 5.429903
3.485651 3.485741
0.668503 0.668643
3.129584 3.129742
4.326994 4.327311
3.465980 3.466180
0.263108 0.263267
8.801487 8.801737
5.063321 5.063562
5.392639 5.392711
2.588533 2.588705
3.405224 3.405270
5.767501 5.767614
1.121452 1.121598
1.562527 1.562640
6.922463 6.922531
2.485981 2.486207
5.499460 5.499572
4.652173 4.652227
6.584679 6.584956
9.771381 9.771413
4.761256 4.761343
3.869739 3.869908
4.710571 4.710671
2.148984 2.149057
8.343905 8.344126
0.814054 0.814251
7.343313 7.343417
3.286771 3.286801
3.548491 3.548524
8.084911 8.085019
3.581231 3.581309
9.951818 9.951936
8.143411 8.143491
0.569162 0.569340
8.763830 8.763942
3.067717 3.068017
9.737753 9.737908
9.710961 9.711101
6.549300 6.549410
8.584146 8.584308
3.599560 3.599624
7.798621 7.798762
6.494222 6.494316
9.113994 9.114087
3.593212 3.593308
9.145237 9.145314
8.676445 8.676557
4.718429 4.718452
1.904159 1.904258
0.500708 0.500888
8.274551 8.274682
8.322288 8.322533
0.793546 0.793723
4.074499 4.074597
4.201058 4.201183
4.792296 4.792456
6.407665 6.407793
3.628842 3.628921
4.027903 4.028017
4.227668 4.227794
6.261961 6.262155
4.878753 4.878847
5.291730 5.291929
4.081173 4.081323
2.161419 2.161507
5.392522 5.392541
0.278907 0.279135
8.205519 8.205651
9.038698 9.038797
0.914827 0.914992
3.513382 3.513637
1.771790 1.772062
3.312046 3.312189
2.297999 2.298048
7.358213 7.358258
5.807878 5.807929
1.061304 1.061429
5.590962 5.591036
1.918825 1.919111
0.509452 0.509646
0.758379 0.758638
9.062739 9.062820
1.306521 1.306591
2.464241 2.464323
9.250077 9.250182
4.117628 4.117695
2.544875 2.545010
8.995741 8.995838
6.673391 6.673626
9.267659 9.267911
6.760831 6.760873
5.275224 5.275260
5.000398 5.000445
7.744070 7.744087
0.525574 0.525642
1.523347 1.523407
9.221288 9.221473
5.623916 5.623943
0.686354 0.686545
6.629432 6.629647
6.847845 6.847918
9.083881 9.084107
8.514560 8.514653
1.830392 1.830784
0.224887 0.225015
1.475661 1.475742
7.812135 7.812349
1.770265 1.770454
0.648643 0.648680
5.758953 5.759052
0.902995 0.903132
9.406635 9.406797
2.562409 2.562677
0.175818 0.175952
6.842803 6.843081
2.389606 2.389728
3.542147 3.542349
4.015075 4.015292
2.033418 2.033503
0.870986 0.871179
0.107236 0.107289
1.973961 1.974123
9.017213 9.017314
4.285326 4.285420
4.816332 4.816447
6.457222 6.457364
1.392942 1.393054
4.033453 4.033590
4.197890 4.198124
9.345070 9.345206
3.259962 3.260078
6.244655 6.244817
2.369420 2.369555
5.734186 5.734211
9.208175 9.208214
6.228238 6.228370
7.462464 7.462629
0.554758 0.554796
2.601721 2.601827
9.522500 9.522611
5.725307 5.725424
5.232622 5.232728
5.105627 5.105734
8.355610 8.355738
0.625114 0.625185
6.883896 6.883964
6.431672 6.431799
3.418850 3.419110
4.103876 4.104032
0.936556 0.936742
3.018231 3.018317
8.986470 8.986589
7.957032 7.957183
5.920168 5.920424
4.345960 4.345980
8.171383 8.171576
4.345649 4.345668
3.386661 3.386729
0.099072 0.099205
6.890107 6.890367
4.499797 4.499982
0.517112 0.517324
3.669920 3.670020
2.318669 2.318841
4.958627 4.958784
0.725306 0.725366
5.723004 5.723058
5.995215 5.995347
3.428214 3.428313
6.878281 6.878362
5.376621 5.376728
3.143147 3.143240
3.968701 3.968863
9.466349 9.466443
0.285987 0.286077
8.001253 8.001429
6.746171 6.746242
3.598340 3.598468
4.102492 4.102658
7.439299 7.439512
9.754058 9.754199
6.017798 6.017978
7.307083 7.307123
8.032662 8.032790
2.151666 2.151820
8.098788 8.098879
7.062641 7.062785
8.056216 8.056361
3.559959 3.560084
8.646689 8.646767
2.733313 2.733405
7.297828 7.297985
6.928336 6.928501
7.918367 7.918552
8.041867 8.041896
5.244433 5.244479
3.104292 3.104494
2.277945 2.278115
1.268754 1.268939
4.466061 4.466179
3.823063 3.823194
4.404322 4.404392
9.850516 9.850711
8.897901 8.897954
7.209355 7.209585
4.798311 4.798389
4.724120 4.724138
3.341237 3.341434
8.772510 8.772554
5.632410 5.632529
9.166154 9.166282
8.725108 8.725201
4.728289 4.728512
8.043451 8.043592
6.755681 6.755917
1.458149 1.458242
0.200393 0.200505
3.295285 3.295450
1.978659 1.978727
3.471656 3.471971
2.656512 2.656634
7.888875 7.889040
3.376015 3.376068
7.755253 7.755406
2.392156 2.392287
6.940357 6.940460
2.997212 2.997271
4.859547 4.859618
9.800396 9.800456
5.371960 5.372047
8.804539 8.804610
6.031852 6.031989
1.466716 1.466911
2.462282 2.462323
1.250094 1.250297
4.557700 4.557748
8.312519 8.312544
9.393357 9.393470
4.441385 4.441454
1.629852 1.629881
8.526506 8.526565
3.133272 3.133415
8.572201 8.572389
9.250633 9.250666
6.774416 6.774550
4.727973 4.728014
1.012664 1.012744
7.113116 7.113210
7.156128 7.156253
5.780570 5.780628
0.506009 0.506078
2.498192 2.498225
4.837625 4.837716
3.110922 3.111100
2.766477 2.766580
8.890645 8.890730
3.802065 3.802213
5.238423 5.238579
5.709283 5.709487
5.093533 5.093598
4.268829 4.268973
1.820847 1.820900
3.098338 3.098435
3.224070 3.224130
2.350152 2.350199
7.585387 7.585481
9.801262 9.801453
6.402153 6.402384
7.802995 7.803243
5.020450 5.020486
4.229816 4.229973
7.405666 7.405873
4.122745 4.122838
2.416544 2.416723
0.494242 0.494320
2.218756 2.218782
3.121734 3.121873
1.388529 1.388621
2.956761 2.956871
2.621277 2.621333
3.264763 3.264869
6.287420 6.287627
8.622994 8.623272
7.040102 7.040198
0.650387 0.650499
4.822919 4.823045
1.474440 1.474603
9.305430 9.305611
7.118420 7.118493
2.576426 2.576463
1.403190 1.403341
1.561466 1.561561
6.506020 6.506195
2.916833 2.916940
9.861926 9.862044
8.385475 8.385574
9.234615 9.234737
3.126994 3.127189
1.333038 1.333269
1.420852 1.420933
7.649882 7.649986
9.674377 9.674465
1.341783 1.342001
8.194588 8.194695
7.612333 7.612453
8.683014 8.683082
4.983161 4.983230
4.223569 4.223643
5.380708 5.380740
6.920414 6.920473
0.536570 0.536688
2.558968 2.559084
6.819681 6.819723
8.097950 8.098036
2.077084 2.077213
2.057413 2.057460
6.927396 6.927618
3.763154 3.763251
5.635064 5.635155
9.463851 9.463994
0.471214 0.471233
3.656105 3.656210
4.731453 4.731738
6.125294 6.125430
1.339005 1.339217
4.698784 4.698806
0.703438 0.703472
1.808731 1.808980
1.028143 1.028289
1.485946 1.486074
5.631040 5.631200
1.389101 1.389187
6.257443 6.257528
4.914441 4.914559
6.792921 6.793009
2.580454 2.580526
1.895804 1.895962
3.164357 3.164486
1.495938 1.495981
1.515418 1.515495
2.333713 2.333926
9.459046 9.459135
4.383667 4.383811
3.364087 3.364165
7.091004 7.091194
1.059570 1.059754
3.543731 3.543795
0.835228 0.835438
1.164219 1.164326
6.316737 6.316919
6.927541 6.927621
3.204681 3.204832
9.866801 9.866891
7.311119 7.311205
7.149755 7.149932
5.694307 5.694504
4.159415 4.159616
9.792068 9.792178
3.216950 3.217117
6.582435 6.582506
7.643281 7.643378
7.475547 7.475624
7.596874 7.596993
3.727549 3.727674
8.437808 8.437996
1.166527 1.166736
4.623645 4.623760
4.105787 4.105920
9.688458 9.688684
4.020421 4.020438
2.661825 2.661982
9.676531 9.676665
9.263977 9.264009
0.557642 0.557744
6.125802 6.126036
3.945316 3.945463
7.918399 7.918610
1.198935 1.199148
9.548717 9.548793
0.872623 0.872762
3.463514 3.463624
3.455607 3.455682
8.983162 8.983217
5.976066 5.976269
6.012189 6.012446
3.436682 3.436913
5.686294 5.686406
4.724843 4.724972
2.977567 2.977815
8.511667 8.511830
8.027412 8.027477
7.129717 7.129775
2.291543 2.291596
8.433770 8.433836
7.883112 7.883185
7.434779 7.434973
5.143280 5.143378
8.780467 8.780551
8.062590 8.062819
8.895559 8.895826
4.396525 4.396877
2.459453 2.459631
7.978631 7.978736
7.389287 7.389418
7.628824 7.628933
9.252171 9.252214
8.032943 8.033003
1.676263 1.676432
3.695936 3.696137
8.701949 8.702117
5.111540 5.111600
2.627733 2.627857
3.590938 3.590973
3.986076 3.986194
2.980711 2.980916
6.703507 6.703655
7.694869 7.694926
0.812082 0.812200
1.776420 1.776552
6.458913 6.458996
5.366342 5.366616
6.970807 6.970872
5.069853 5.069889
4.051259 4.051384
3.051184 3.051270
4.781746 4.781951
2.751126 2.751309
4.607054 4.607221
1.962240 1.962320
0.213390 0.213445
4.739830 4.740050
6.882892 6.882934
4.436488 4.436570
1.123089 1.123263
3.761643 3.761765
0.788015 0.788094
3.243395 3.243542
5.014579 5.014674
8.123098 8.123319
4.128148 4.128376
9.434152 9.434206
3.354472 3.354648
8.705440 8.705557
0.257368 0.257418
6.711441 6.711529
2.187153 2.187312
9.246085 9.246218
4.762754 4.762883
9.629586 9.629692
7.790055 7.790128
1.216748 1.216967
0.279020 0.279195
6.515856 6.515910
9.499742 9.499856
9.382274 9.382455
1.761582 1.761598
7.336284 7.336467
7.870914 7.871066
8.713337 8.713445
3.365892 3.366067
6.771687 6.771818
3.542544 3.542674
8.895941 8.896093
9.225372 9.225422
2.921045 2.921126
2.949523 2.949558
0.223636 0.223703
8.670538 8.670742
4.062747 4.062794
1.933068 1.933308
6.699308 6.699491
3.822624 3.822747
6.721780 6.721946
9.609914 9.610077
1.164151 1.164239
8.683139 8.683229
2.343232 2.343369
1.732168 1.732261
4.413737 4.413903
8.782339 8.782423
8.582816 8.583054
6.244297 6.244392
7.678995 7.679011
2.913263 2.913321
9.297596 9.297708
5.321922 5.321967
1.464437 1.464532
3.114049 3.114239
1.656576 1.656718
7.368555 7.368674
0.398770 0.398933
1.404462 1.404644
7.398703 7.398852
8.718107 8.718322
9.750170 9.750289
7.798160 7.798356
9.845749 9.845919
8.326427 8.326533
9.417258 9.417300
5.373589 5.373768
4.429674 4.429741
6.476032 6.476064
2.080175 2.080215
7.293506 7.293591
1.669689 1.669796
3.864065 3.864082
3.690603 3.690765
2.809353 2.809524
5.333223 5.333402
0.964726 0.964897
5.542814 5.542967
4.583150 4.583276
4.830071 4.830143
5.557748 5.557827
5.970048 5.970137
2.039485 2.039523
5.701973 5.702026
7.068875 7.069259
2.393457 2.393479
1.065736 1.065870
5.211091 5.211180
3.459966 3.460060
5.535978 5.536067
8.179875 8.180046
8.340792 8.340886
0.835079 0.835161
3.120843 3.120932
6.268088 6.268258
2.429455 2.429634
6.535329 6.535473
0.210442 0.210582
8.676318 8.676362
6.304122 6.304256
1.136616 1.136729
4.982135 4.982362
7.405165 7.405301
4.981170 4.981317
1.487904 1.488106
4.344943 4.345014
7.545210 7.545282
6.040442 6.040615
2.469882 2.470013
5.554980 5.555060
1.674448 1.674530
1.320140 1.320298
0.252494 0.252638
9.742146 9.742327
7.433617 7.433744
3.143731 3.143899
1.964291 1.964461
6.599063 6.599345
1.628923 1.629118
7.353881 7.353919
3.271689 3.271926
2.911846 2.911920
7.088662 7.088733
9.063466 9.063605
0.376336 0.376398
7.655804 7.655944
2.951457 2.951616
2.023610 2.023791
4.146108 4.146216
0.752496 0.752519
9.519423 9.519448
0.162608 0.162818
5.717721 5.717815
4.746920 4.747073
8.670127 8.670209
1.260582 1.260666
0.636988 0.637072
2.585248 2.585411
2.569225 2.569334
8.297929 8.298025
7.507565 7.507655
2.988411 2.988486
6.155063 6.155159
9.599701 9.599753
7.842819 7.843040
3.522720 3.522813
2.755352 2.755435
9.664720 9.664747
2.777124 2.777220
4.412746 4.412929
3.010606 3.010757
4.638551 4.638634
0.647911 0.648001
8.939227 8.939332
9.626053 9.626168
9.205233 9.205407
1.189406 1.189571
7.434911 7.435072
2.015820 2.016060
6.493041 6.493087
8.649422 8.649539
2.064278 2.064479
5.050709 5.050876
4.895264 4.895533
2.321313 2.321327
2.072583 2.072812
5.572054 5.572180
7.587593 7.587708
6.709457 6.709516
6.534517 6.534665
1.653643 1.653701
8.317731 8.317786
8.838070 8.838122
1.718925 1.718977
1.366531 1.366732
7.510673 7.510761
0.505160 0.505226
1.381088 1.381154
8.724250 8.724318
3.742750 3.742828
3.620300 3.620356
6.860292 6.860355
5.367502 5.367601
8.836759 8.836903
6.874618 6.874782
8.340632 8.340709
6.766210 6.766388
9.421439 9.421577
5.147655 5.147765
9.788674 9.788844
6.274753 6.274924
5.244473 5.244506
9.297905 9.298067
0.831500 0.831538
7.109757 7.109826
5.005932 5.006042
4.324630 4.324820
8.388343 8.388436
8.930939 8.931090
8.470957 8.471110
7.035549 7.035683
4.068052 4.068186
4.435890 4.436040
4.615231 4.615349
1.757106 1.757387
2.193455 2.193660
3.542155 3.542345
0.717611 0.717630
5.316290 5.316327
2.727449 2.727503
6.672599 6.672646
4.240715 4.240851
2.557356 2.557417
4.140423 4.140470
8.163294 8.163413
1.906890 1.907019
0.420950 0.421107
9.863726 9.863817
0.627234 0.627291
9.366130 9.366217
9.556400 9.556546
4.227219 4.227264
1.088960 1.089129
8.255277 8.255434
5.483613 5.483838
8.220255 8.220555
0.481020 0.481259
1.683080 1.683228
8.682744 8.682806
1.062141 1.062327
6.228766 6.228806
4.858470 4.858584
4.539454 4.539664
8.074997 8.075011
4.226274 4.226357
4.019017 4.019089
8.455510 8.455569
3.331044 3.331195
2.456350 2.456468
1.051629 1.051723
6.466439 6.466613
2.108583 2.108682
5.588954 5.589044
7.973675 7.973816
0.245786 0.245831
8.584534 8.584682
6.951882 6.951941
7.058518 7.058687
6.124792 6.124942
6.124613 6.124692
8.041349 8.041417
2.063215 2.063285
4.037352 4.037466
9.332621 9.332805
2.881549 2.881693
2.391417 2.391551
4.047392 4.047690
6.990069 6.990263
6.334103 6.334252
5.310950 5.311034
4.102637 4.102686
4.967193 4.967358
8.368124 8.368261
7.036155 7.036179
7.607603 7.607790
9.446868 9.446993
7.879465 7.879547
2.520158 2.520334
0.201262 0.201333
9.437550 9.437616
4.788908 4.788977
7.625464 7.625620
7.270002 7.270086
1.543651 1.543805
0.311191 0.311427
5.568596 5.568683
2.221858 2.221967
9.977528 9.977752
2.510512 2.510629
1.167202 1.167342
4.487637 4.487708
4.561098 4.561157
9.322519 9.322547
3.654379 3.654426
7.700809 7.700851
4.504031 4.504116
5.289246 5.289608
3.397059 3.397150
3.166173 3.166360
8.250105 8.250145
1.649764 1.649811
6.652469 6.652560
9.175332 9.175383
4.607209 4.607319
7.244389 7.244478
4.883746 4.883893
0.005694 0.005801
1.453809 1.453957
7.085247 7.085401
8.219346 8.219585
1.968021 1.968179
3.062747 3.062769
0.038375 0.038564
8.828212 8.828269
7.804188 7.804260
8.498800 8.498917
2.556404 2.556411
0.752139 0.752298
3.605682 3.605825
1.871129 1.871352
8.778278 8.778511
1.199576 1.199692
1.609885 1.609921
6.023456 6.023555
8.618911 8.619069
2.688626 2.688697
7.659067 7.659197
4.652315 4.652432
3.796968 3.797065
3.545630 3.545886
8.987502 8.987642
7.199613 7.199685
9.481523 9.481655
4.740316 4.740371
4.249347 4.249482
3.419450 3.419488
5.983031 5.983172
3.341345 3.341419
4.602206 4.602350
3.438206 3.438290
4.113352 4.113404
5.513403 5.513548
8.340328 8.340370
7.100838 7.100864
4.657695 4.657882
0.513088 0.513108
3.905269 3.905384
2.026827 2.026955
3.503182 3.503336
0.893216 0.893357
2.448481 2.448546
7.922942 7.923117
0.300638 0.300707
9.478315 9.478465
2.956630 2.956700
1.275581 1.275687
3.276747 3.276803
3.126167 3.126283
4.371153 4.371261
2.066412 2.066454
8.145775 8.145865
6.501594 6.501679
6.507929 6.508163
0.812378 0.812592
3.052216 3.052245
8.472951 8.473013
5.975553 5.975597
8.759179 8.759276
6.025175 6.025273
1.761088 1.761294
9.741951 9.742128
5.422498 5.422613
8.928634 8.928775
9.902879 9.903015
5.989470 5.989667
1.338723 1.338960
5.804388 5.804502
3.087195 3.087340
0.826661 0.826848
8.027894 8.027944
0.701962 0.702214
4.083224 4.083340
7.444540 7.444591
7.473436 7.473551
4.096847 4.096916
7.562732 7.562919
6.281479 6.281725
2.402163 2.402223
7.685532 7.685734
8.328513 8.328688
9.526294 9.526481
2.320278 2.320372
1.566149 1.566371
0.593469 0.593677
3.559428 3.559516
3.653912 3.654003
6.257407 6.257565
9.232464 9.232655
1.096356 1.096397
8.493614 8.493625
0.766098 0.766155
2.544390 2.544445
0.967391 0.967425
9.237029 9.237125
0.998901 0.999005
9.691320 9.691455
9.578119 9.578196
4.226662 4.226842
0.247092 0.247144
8.548243 8.548446
7.067005 7.067111
6.272964 6.273242
5.600916 5.600962
4.303696 4.303847
1.335073 1.335334
0.602417 0.602565
6.479687 6.479799
8.822479 8.822573
3.073572 3.073584
6.390879 6.390901
9.052413 9.052487
8.380288 8.380415
8.222790 8.223031
0.458960 0.459056
1.770206 1.770286
9.980729 9.980894
0.423859 0.423962
3.535535 3.535668
6.933297 6.933472
7.954637 7.954769
8.497805 8.497971
2.129279 2.129358
0.440982 0.441139
8.067428 8.067610
9.816926 9.817096
3.798370 3.798556
1.659359 1.659478
9.014838 9.014994
7.617465 7.617561
2.949268 2.949368
7.607441 7.607518
3.908239 3.908408
0.612087 0.612261
7.982715 7.982782
4.020021 4.020089
3.581453 3.581758
8.127646 8.127854
5.381766 5.381797
8.548521 8.548640
8.133465 8.133650
5.275238 5.275395
0.954904 0.954943
5.738054 5.738231
3.081441 3.081569
3.894888 3.895121
5.825151 5.825285
9.729087 9.729308
7.506597 7.506662
3.603141 3.603344
2.261843 2.262056
0.205418 0.205559
1.436164 1.436193
5.902881 5.903006
3.484751 3.484933
5.292850 5.293002
1.478712 1.478768
8.368083 8.368161
5.842340 5.842464
6.569395 6.569591
7.132177 7.132309
7.847582 7.847680
4.123371 4.123509
2.233158 2.233204
5.794192 5.794325
2.579320 2.579379
3.433088 3.433272
3.280874 3.280956
1.976846 1.976871
7.965810 7.965895
3.034684 3.034727
1.307041 1.307120
6.375106 6.375291
8.855310 8.855477
9.710516 9.710572
3.537143 3.537248
6.116243 6.116376
2.420405 2.420553
4.525320 4.525467
1.663801 1.664136
6.753947 6.754083
8.085472 8.085552
3.695343 3.695427
6.980887 6.980991
8.717110 8.717282
5.773814 5.773883
4.948778 4.949003
3.617254 3.617326
0.287226 0.287313
2.032235 2.032301
7.446092 7.446169
1.806468 1.806505
4.618441 4.618596
6.572231 6.572326
1.388494 1.388754
7.671963 7.672235
9.445150 9.445337
9.836592 9.836625
0.018308 0.018445
3.018434 3.018518
5.455324 5.455453
0.109470 0.109743
9.505438 9.505518
8.828782 8.828896
6.627651 6.627658
2.948010 2.948163
3.235507 3.235597
3.450954 3.451032
9.992492 9.992694
6.954435 6.954591
5.830552 5.830562
9.268328 9.268446
9.768128 9.768246
2.867631 2.867845
5.969335 5.969490
7.464199 7.464413
5.591240 5.591520
7.379601 7.379769
6.617190 6.617238
6.279074 6.279214
6.018674 6.018800
0.722269 0.722334
7.127187 7.127260
7.938396 7.938476
8.672019 8.672141
9.018985 9.019086
1.702708 1.702809
4.069081 4.069193
3.735005 3.735058
6.800664 6.800756
0.457986 0.458013
8.881015 8.881068
8.004331 8.004407
4.465695 4.465779
5.936388 5.936540
3.783772 3.783890
6.647909 6.647978
1.960476 1.960734
7.906795 7.906835
0.497189 0.497361
5.794553 5.794582
6.821797 6.821903
2.717829 2.717913
5.128151 5.128292
8.054913 8.055009
3.858957 3.859016
7.388061 7.388141
5.699469 5.699487
6.171568 6.171607
2.969576 2.969760
8.370739 8.370813
5.743041 5.743128
2.671996 2.672084
8.794958 8.795027
3.506617 3.506796
5.855354 5.855561
5.798607 5.798691
7.190728 7.190801
1.461331 1.461486
9.974133 9.974301
5.902502 5.902615
3.281528 3.281671
5.365261 5.365333
1.191064 1.191190
3.279298 3.279410
8.060527 8.060646
7.846536 7.846640
0.440187 0.440353
0.449732 0.449919
7.897770 7.897898
4.356214 4.356373
2.170249 2.170276
9.353498 9.353612
4.132571 4.132603
6.047427 6.047568
1.377096 1.377316
9.078105 9.078205
4.300691 4.300776
0.920668 0.920763
2.939543 2.939754
7.266441 7.266527
3.371522 3.371611
7.739892 7.739941
2.873733 2.873817
7.013670 7.013751
9.347084 9.347278
6.056209 6.056420
6.886346 6.886509
8.282693 8.282724
9.645272 9.645387
7.135666 7.135783
1.260137 1.260371
0.450892 0.451002
8.676320 8.676416
5.129194 5.129261
1.440380 1.440614
1.661238 1.661401
4.083652 4.083764
2.445917 2.446079
9.397676 9.397719
6.905519 6.905603
0.205337 0.205369
6.134551 6.134780
9.421716 9.421862
9.172191 9.172334
2.488112 2.488224
4.265177 4.265271
6.531326 6.531480
3.541175 3.541240
5.714093 5.714210
1.413674 1.413685
6.800883 6.800991
5.085999 5.086095
6.561860 6.562017
3.671328 3.671401
2.060794 2.060881
6.947937 6.947977
5.087252 5.087407
4.345335 4.345538
2.832958 2.833113
4.917254 4.917336
8.087987 8.088178
4.709296 4.709532
1.371745 1.371890
9.308776 9.308850
3.653236 3.653424
5.032299 5.032358
7.322599 7.322614
0.989650 0.989666
2.001515 2.001670
3.051127 3.051146
4.649360 4.649567
0.579566 0.579646
1.856342 1.856450
0.161146 0.161261
7.328405 7.328425
0.845388 0.845456
8.781486 8.781585
3.262144 3.262265
1.326059 1.326215
1.533615 1.533791
4.260874 4.261017
1.117564 1.117784
5.860892 5.861020
5.692120 5.692308
6.854664 6.854784
1.378680 1.378757
7.234088 7.234183
5.907140 5.907294
6.819378 6.819641
3.173707 3.173793
2.707436 2.707648
0.123375 0.123510
1.921342 1.921483
3.702127 3.702247
2.746136 2.746197
4.955184 4.955295
3.598738 3.598993
7.593656 7.593787
7.353679 7.353752
9.858307 9.858502
0.529183 0.529254
4.328412 4.328454
4.536869 4.536984
1.504600 1.504621
5.353888 5.354094
0.308579 0.308582
5.807013 5.807116
1.647415 1.647528
4.078969 4.079111
5.150804 5.150906
1.772861 1.773003
2.654985 2.655091
5.233298 5.233427
3.125863 3.125914
7.260791 7.260902
2.608438 2.608527
6.476031 6.476148
2.125879 2.125908
2.868194 2.868376
6.692384 6.692495
7.549295 7.549380
5.011740 5.011957
7.435321 7.435415
0.041632 0.041823
5.588404 5.588525
7.577382 7.577695
0.609262 0.609381
6.990958 6.991028
3.061193 3.061285
2.045326 2.045366
7.494144 7.494249
0.490083 0.490133
1.587360 1.587480
3.041915 3.042033
8.922739 8.922912
5.966762 5.966930
1.875486 1.875542
7.186386 7.186488
5.091210 5.091313
4.515890 4.515935
0.059808 0.059875
6.169965 6.170060
0.342951 0.343024
5.442383 5.442569
4.554968 4.555067
1.370594 1.370629
6.793624 6.793708
7.949649 7.949688
0.998143 0.998320
1.578306 1.578478
7.621916 7.622059
7.032629 7.032745
8.113488 8.113575
4.527841 4.528011
3.571444 3.571571
6.234663 6.234718
3.838101 3.838279
9.360362 9.360596
3.714306 3.714326
5.154448 5.154581
9.537780 9.537882
2.729578 2.729722
7.896883 7.897024
3.085456 3.085565
9.821801 9.822009
4.070415 4.070567
4.615065 4.615212
9.697472 9.697610
4.774921 4.775053
3.409615 3.409637
3.876450 3.876480
1.291793 1.291933
5.078102 5.078371
1.616532 1.616650
9.309576 9.309725
3.887331 3.887342
6.812063 6.812249
2.395195 2.395306
9.804235 9.804420
1.372076 1.372328
3.092113 3.092252
6.418728 6.418743
4.217628 4.217793
0.912605 0.912727
7.620531 7.620696
6.402217 6.402398
1.823440 1.823503
7.556848 7.556977
3.240929 3.241122
2.859286 2.859295
2.008768 2.008871
1.183781 1.184041
6.083117 6.083177
7.987755 7.987834
1.721703 1.721860
7.061525 7.061601
8.417022 8.417199
2.275410 2.275520
1.547904 1.548261
4.604313 4.604422
2.694012 2.694166
4.356676 4.356700
3.067741 3.067889
2.833140 2.833326
3.712598 3.712809
4.739227 4.739255
5.427560 5.427828
6.133611 6.133693
1.710729 1.710779
7.883320 7.883411
6.750375 6.750478
8.588621 8.588899
6.558024 6.558078
1.416461 1.416499
7.531804 7.531940
8.969082 8.969174
7.291168 7.291359
8.009494 8.009550
2.920036 2.920154
9.473616 9.473765
7.705308 7.705403
8.039226 8.039341
5.803218 5.803498
4.334434 4.334588
8.988236 8.988328
5.215596 5.215752
9.144304 9.144456
6.360713 6.360850
1.079148 1.079333
7.129963 7.130139
9.457872 9.458018
7.257674 7.257689
1.563301 1.563435
4.401675 4.401789
5.228916 5.228952
9.233330 9.233427
0.733907 0.734101
7.166697 7.166812
4.709639 4.709836
5.522904 5.523038
5.140977 5.141032
0.989373 0.989416
1.007039 1.007207
7.231339 7.231513
0.385026 0.385159
8.977877 8.977972
9.085120 9.085371
6.686959 6.687093
8.882471 8.882526
4.786722 4.787015
3.251290 3.251478
3.144273 3.144416
6.064098 6.064127
5.032546 5.032667
9.362901 9.363032
6.926638 6.926791
9.104478 9.104525
5.886726 5.886844
3.138866 3.138965
1.990037 1.990094
5.364312 5.364358
8.184689 8.184732
4.577724 4.577845
7.250289 7.250611
4.559877 4.559935
8.745018 8.745085
6.176773 6.176914
4.097404 4.097568
3.287332 3.287510
9.074557 9.074604
9.509309 9.509424
2.400398 2.400602
4.678711 4.678794
2.592793 2.592891
6.043347 6.043574
5.841335 5.841419
2.784922 2.785029
7.864523 7.864569
6.558338 6.558482
7.674505 7.674562
3.615157 3.615298
6.940664 6.940774
7.584150 7.584263
3.676700 3.676737
8.910732 8.910826
7.092593 7.092696
8.886173 8.886390
0.377815 0.377960
0.243347 0.243395
8.817616 8.817634
0.369204 0.369239
1.724136 1.724203
9.022149 9.022271
3.341509 3.341742
7.562087 7.562149
8.105378 8.105507
0.551421 0.551510
1.828585 1.828822
6.207637 6.207677
0.301971 0.302192
7.598911 7.599085
9.717842 9.717867
4.664450 4.664531
5.587898 5.587970
5.323152 5.323383
4.688736 4.688821
0.491217 0.491362
6.668490 6.668563
0.854906 0.854998
0.286941 0.287019
4.645133 4.645319
8.771247 8.771415
1.859477 1.859569
5.520702 5.520794
1.098246 1.098438
6.071616 6.071676
5.439319 5.439437
6.042961 6.043027
7.807157 7.807384
7.247425 7.247447
4.164289 4.164337
4.230316 4.230450
0.162570 0.162685
3.243587 3.243697
5.223378 5.223505
4.780942 4.781076
9.889677 9.889801
5.572050 5.572121
6.067651 6.067822
9.745260 9.745420
5.221013 5.221100
8.763887 8.763943
0.747057 0.747319
8.803584 8.803635
8.231612 8.231652
9.124172 9.124310
7.603470 7.603603
8.010170 8.010207
9.347127 9.347317
5.244404 5.244522
4.233899 4.234124
3.028231 3.028359
7.841281 7.841451
3.618580 3.618654
4.269530 4.269778
9.018632 9.018723
8.975824 8.975948
8.779575 8.779609
4.564427 4.564476
1.736618 1.736804
9.341211 9.341270
3.267663 3.267760
0.266823 0.266889
3.368485 3.368669
3.877892 3.878031
7.567176 7.567310
9.045333 9.045383
0.571836 0.571910
3.045704 3.045777
3.678003 3.678098
6.573698 6.573741
6.282792 6.282874
0.817128 0.817239
8.610026 8.610077
9.815432 9.815588
1.022480 1.022677
5.457650 5.457919
8.930684 8.930814
4.944600 4.944680
3.773377 3.773466
4.925538 4.925761
5.193489 5.193635
7.328502 7.328585
4.420248 4.420380
2.590380 2.590422
8.393661 8.393709
5.735389 5.735581
7.783107 7.783479
7.968559 7.968573
5.708468 5.708672
0.887814 0.887963
0.754391 0.754460
6.824925 6.825023
3.654288 3.654362
6.800211 6.800329
8.511463 8.511533
4.615823 4.615954
7.186659 7.186745
3.824985 3.825132
4.568504 4.568540
7.464531 7.464645
4.815268 4.815371
2.317870 2.318036
9.383849 9.383956
9.495870 9.496041
5.070247 5.070319
9.175240 9.175361
3.932056 3.932099
0.242811 0.242948
8.950838 8.950963
0.864388 0.864500
7.158889 7.159048
9.265334 9.265411
2.445216 2.445374
2.939005 2.939130
6.213659 6.213857
0.504460 0.504512
0.886662 0.886721
9.143936 9.144125
5.030601 5.030807
7.128848 7.128961
5.398842 5.398927
7.202776 7.202876
1.807497 1.807522
4.355127 4.355340
6.286466 6.286576
5.336755 5.336851
8.498886 8.499075
9.869332 9.869373
9.038981 9.039114
4.101858 4.101965
0.783573 0.783678
1.846522 1.846699
5.210304 5.210384
8.018434 8.018506
8.555720 8.555862
2.741533 2.741720
7.378946 7.379150
5.636562 5.636649
8.741694 8.741850
3.043445 3.043539
1.564911 1.565086
2.086863 2.086971
1.916081 1.916100
0.569524 0.569551
4.793974 4.794099
2.209364 2.209522
3.597476 3.597554
3.474667 3.474796
1.738858 1.738962
0.395866 0.396066
9.850769 9.850864
8.387977 8.388140
4.479742 4.479904
3.465332 3.465442
2.807865 2.807966
5.944982 5.945116
0.802410 0.802547
4.016300 4.016470
9.098752 9.098897
1.573265 1.573442
0.281554 0.281632
2.783759 2.783793
2.159849 2.159884
0.949033 0.949120
5.632796 5.632888
5.632376 5.632558
9.511318 9.511366
1.116792 1.116840
1.210677 1.210756
2.151716 2.151885
9.215005 9.215156
1.156053 1.156143
4.873991 4.874099
8.739305 8.739398
8.011807 8.012106
0.846709 0.846823
8.180370 8.180481
4.198520 4.198702
6.344544 6.344614
2.714204 2.714450
0.645013 0.645132
9.167664 9.167817
9.942254 9.942285
8.329343 8.329636
2.706891 2.707070
0.616484 0.616663
5.147518 5.147610
5.961886 5.961909
1.954946 1.954999
5.474605 5.474694
5.402252 5.402296
8.850758 8.850809
2.643839 2.643894
3.608134 3.608213
7.282026 7.282155
6.400632 6.400753
0.053629 0.053706
9.367067 9.367261
6.418199 6.418243
5.798885 5.799057
6.728751 6.728908
6.290182 6.290250
5.120249 5.120323
0.928254 0.928287
1.024787 1.024920
9.688063 9.688174
6.132332 6.132491
8.995756 8.995869
1.672781 1.672901
8.922422 8.922514
8.843741 8.843979
7.760241 7.760266
4.493623 4.493873
2.788293 2.788564
5.363777 5.363930
2.402491 2.402747
2.803103 2.803267
1.901109 1.901309
8.788274 8.788443
9.261498 9.261520
6.784389 6.784563
3.272464 3.272564
9.835000 9.835096
2.942245 2.942368
9.341725 9.341865
3.506999 3.507124
7.453794 7.453858
5.075616 5.075720
8.580454 8.580525
5.402962 5.403072
6.049109 6.049317
9.723279 9.723393
5.496042 5.496133
6.934901 6.934992
9.454272 9.454332
0.591445 0.591568
1.924054 1.924152
4.579870 4.579947
0.010844 0.010947
8.460055 8.460183
1.667117 1.667262
9.697781 9.697951
9.592764 9.592987
4.752808 4.752951
1.808572 1.808618
2.061443 2.061538
8.380490 8.380534
6.269859 6.269987
8.746862 8.747004
0.280769 0.280871
4.156206 4.156217
0.259549 0.259674
0.481125 0.481224
6.447568 6.447718
9.154367 9.154444
5.562590 5.562638
2.183421 2.183632
7.289373 7.289594
5.006422 5.006543
2.125811 2.125930
7.226433 7.226478
2.129301 2.129396
6.901514 6.901552
4.372800 4.372907
9.763032 9.763252
6.686727 6.686793
6.657884 6.658091
1.872921 1.873028
1.194517 1.194645

