2.837308 7.201225
4.127138 9.155416
1.392770 7.863599
0.753311 9.927036
3.117923 9.287487
6.181037 9.294430
3.337396 7.622830
5.700242 8.276146
0.677419 8.980382
0.992010 8.748366
3.290098 8.895848
4.355058 6.940780
4.877291 9.976905
3.015879 6.739168
2.291190 8.582792
0.094135 8.490147
4.694158 7.821388
0.894870 7.799900
6.240122 8.651325
0.155002 8.237041
6.256575 8.303957
5.983729 6.800061
5.531740 7.927545
2.037148 8.096917
3.402266 8.177411
0.559737 9.269471
0.443685 9.005039
1.530723 6.871456
2.980413 8.423321
3.608871 8.688194
1.186744 8.105397
1.135123 6.870225
6.236923 9.572633
1.702861 6.831106
2.311905 9.470824
1.701898 7.359396
5.673525 6.773196
4.141264 6.810771
0.039098 7.886286
3.354160 8.703690
2.515401 9.807911
1.630596 7.537758
5.404437 7.289487
2.012067 8.356811
2.526660 9.441909
3.343813 7.000127
5.663373 7.488004
1.347626 9.327401
3.921066 9.388689
5.843429 9.660952
3.218768 8.174385
1.528206 7.686038
0.979159 8.335718
2.983031 9.288159
3.848079 9.532376
5.993566 6.985158
2.102067 9.267793
1.163679 9.264317
2.523460 6.742713
2.074759 9.457762
3.918290 9.365842
1.211083 7.558505
2.082257 8.696672
0.079626 7.863496
5.006049 8.135300
3.601934 9.735592
4.690486 9.471029
2.727111 7.605114
1.299579 8.607600
0.451017 6.743625
5.409524 8.647101
1.508965 7.544775
5.433429 7.885279
5.692359 9.252514
0.905230 8.035500
6.384517 8.953421
3.739978 7.305851
4.052913 8.740391
6.640504 7.342422
3.870855 7.672820
3.993419 7.620003
2.044106 6.719337
0.354378 9.329522
1.472488 6.755806
6.610176 7.374311
5.396339 8.135463
6.167075 7.258027
1.521789 6.774156
2.819649 9.727283
0.317487 9.551966
1.803746 9.911857
0.332490 6.931807
0.899688 7.273941
2.212308 7.418324
2.362179 7.044208
4.892839 7.301506
3.819323 7.418643
0.335180 7.454448
0.542345 9.273976
0.354676 6.861823
2.398581 7.060760
6.338897 8.811429
5.911209 7.834283
0.753999 9.101516
0.474252 7.844257
0.602476 6.669986
4.933160 9.121730
0.448501 9.646009
1.245815 8.393248
3.366074 8.585376
1.659660 9.867698
0.454427 9.329824
5.344159 9.367546
5.045711 7.687361
3.124786 7.955568
4.046462 7.435906
6.499256 6.737172
5.419504 7.064767
3.847211 7.106373
2.297895 9.514309
3.186123 6.932228
1.822545 8.426363
0.152599 7.393080
2.719986 8.497013
4.265600 8.109529
2.526134 7.902658
1.143650 7.014177
2.740042 9.672825
6.451382 8.849401
5.678398 8.679959
2.773068 7.290312
6.009196 7.264354
4.247702 8.870925
6.487679 7.129598
2.273616 8.479174
3.286252 7.625977
3.553715 8.937745
0.118030 9.920383
6.556184 8.753632
0.688415 7.237755
0.822123 7.405546
2.114715 7.122312
2.696186 7.637800
1.161752 7.118890
0.908512 8.297389
4.692925 7.217275
4.714706 9.658896
0.977421 8.957875
5.662981 8.200428
2.684047 7.430233
6.373977 7.610497
1.270713 9.184615
1.058674 7.964082
3.451345 7.592616
4.792907 9.392511
6.052004 7.292103
3.436717 8.613582
1.164024 7.128828
2.431102 7.560206
3.180772 7.199728
6.485526 9.310003
6.602301 9.823349
3.139789 7.382215
1.279875 7.110936
2.345947 6.962148
4.672756 9.486199
1.911156 9.113952
2.788134 9.189293
5.476916 8.304822
5.889846 8.379828
1.131728 6.693601
3.349444 8.201467
3.529280 7.851930
1.210278 7.979715
4.214915 7.669392
1.503608 9.948522
4.970520 7.042607
0.158518 8.402556
5.513634 7.756975
4.288677 7.408096
4.400412 7.279148
3.549538 8.965581
3.604217 7.777519
4.448047 7.223134
0.562683 8.604131
6.409546 8.676614
0.940461 9.841581
3.761687 8.306817
5.008060 8.882104
1.068898 9.162022
6.037950 8.568385
1.947067 7.001717
1.361814 8.082032
0.404328 7.761230
4.120228 8.135748
4.721196 7.791199
0.394110 7.299204
6.048088 6.827681
2.471517 7.250923
1.338597 6.726297
2.723280 7.052862
4.577857 9.496026
1.835633 8.296560
2.764199 7.715912
0.813657 9.616762
2.986144 9.178481
4.586950 7.900278
3.198129 7.850737
2.442582 9.455865
3.526768 9.612395
6.046188 9.526051
0.162569 9.289490
4.761513 9.666791
3.167658 9.253319
3.403301 9.488856
0.379852 7.428996
2.107393 7.957850
2.885708 8.146484
6.234880 9.001625
4.473489 9.592983
3.661072 6.673766
3.748210 8.731586
1.586644 8.493013
5.512437 9.548533
3.980164 9.288765
4.808211 8.503318
4.011056 7.803194
3.887775 8.716959
6.302565 9.818798
0.071543 6.772375
3.138284 9.846647
4.893886 7.577476
1.230702 9.561768
3.927748 7.918020
5.783902 9.566747
2.923714 8.670519
0.067501 8.522534
5.231116 6.802716
0.076908 9.139360
4.169687 6.893617
4.314504 9.196972
3.548871 7.531523
2.975867 7.112599
3.673758 9.191719
0.289657 9.783129
4.535354 9.127302
4.021050 9.478144
2.244281 8.512471
0.608054 6.673773
4.552216 9.002009
6.001543 7.617620
2.872373 9.415941
6.515524 7.104669
0.806562 8.803130
4.573373 8.337895
3.572647 9.704266
1.245592 7.989686
2.085275 7.460713
0.618705 9.303903
6.342674 8.195951
6.075874 9.111108
6.630333 7.212046
3.704068 6.750307
6.043289 9.928621
3.185054 9.718062
0.546359 7.479463
2.873598 9.054493
3.735522 8.651151
4.250066 9.052824
0.523757 9.595902
6.660807 7.099563
5.615904 9.734873
0.180940 7.793946
6.645689 9.416210
2.760324 6.949330
3.527179 7.477149
2.687470 9.302965
5.348228 8.327072
1.260489 6.892660
2.762938 7.536544
1.843105 9.518431
2.453361 7.392756
4.732587 9.292630
0.223134 6.929514
1.846072 9.466090
1.650136 9.699644
4.882412 8.973703
4.078965 8.413870
5.719947 6.722383
6.553483 8.669485
2.696342 8.696706
3.357500 9.593454
6.208064 7.048899
4.956074 7.174541
0.659760 7.876435
5.671180 9.745987
1.637538 8.670990
3.603277 7.530584
3.825177 9.701353
4.769134 7.502889
6.657408 8.283385
0.660810 8.011889
0.313974 6.985412
6.484322 9.847234
3.719037 8.015598
0.074791 9.078045
4.495774 7.569826
1.579965 8.149344
2.693392 8.665479
5.037003 8.735219
4.249531 9.113803
3.281914 8.880085
1.650455 8.039047
3.354726 9.439818
1.887209 7.288528
5.047601 9.985658
4.616110 9.495820
4.967625 7.846028
0.866609 7.701589
1.005369 9.144493
4.255305 6.704469
0.119083 9.065706
2.780912 8.927615
1.797581 9.893677
0.747191 7.596371
3.250284 8.567509
4.945775 9.782975
3.988576 8.112677
3.676916 8.371332
2.404494 9.153699
2.982180 8.607004
1.999055 9.373063
4.206087 9.491236
3.221384 7.131938
1.504614 8.569198
5.143867 8.892858
6.632621 7.188005
3.535850 8.839646
1.415645 9.284639
0.900039 7.394540
0.231747 9.903377
0.035391 9.602371
6.022247 9.457234
6.200567 9.503230
2.454820 8.827401
4.058107 8.187412
6.599335 9.013166
5.103336 9.608311
2.693602 7.499979
0.639241 7.049377
3.973160 7.219975
5.555537 8.145621
2.593155 7.347825
2.030971 7.316802
5.913032 6.955486
4.632830 8.378071
1.562996 9.869466
0.928274 9.264495
3.944753 7.185926
1.484298 8.836212
3.072743 8.010436
4.752599 9.045062
2.876997 9.674286
3.907641 8.675526
2.500161 6.690709
0.547020 8.555942
1.418665 9.842448
4.805408 7.119116
1.154932 8.006178
4.689003 8.552390
1.709676 8.283220
0.911696 9.275537
1.966300 8.417774
3.201186 7.810174
4.833748 7.687632
2.049424 7.732719
3.529663 7.673325
1.797231 9.073403
4.136690 8.458176
0.223113 7.545365
1.339682 8.110876
2.915220 9.391017
1.621268 7.514402
2.023647 8.595183
4.171859 7.296636
4.464808 8.859922
2.009625 8.591563
2.283062 7.792870
5.961932 8.604860
2.651548 7.336425
4.499221 6.920702
2.253226 9.238621
1.059103 9.758097
3.827718 7.446714
1.690640 9.232804
3.515321 9.735315
2.303515 8.788529
6.459597 8.997403
2.584573 9.313460
1.633846 7.957809
2.882223 7.993113
2.824072 7.355039
0.590966 7.984143
5.068344 7.580835
4.214344 7.023369
6.282809 7.618959
4.796448 7.457098
2.437559 7.238679
2.696337 9.891192
5.817277 9.318464
2.396320 7.015320
2.217345 8.077733
0.413356 9.790813
3.405148 8.212210
2.224546 8.021790
0.790725 6.925333
6.261660 7.866994
2.244983 8.135482
5.450401 9.628525
6.529877 8.454890
6.664308 7.009728
1.398050 9.342230
5.799765 7.367576
1.410589 9.046635
4.808666 6.755890
3.787169 7.902608
6.509179 9.133084
4.820201 8.300095
6.525571 7.865094
1.689799 8.385081
5.854120 9.749673
5.451158 8.831702
0.837645 8.611304
1.538881 7.114672
4.794135 8.328953
5.823525 8.042664
4.035261 9.745942
5.469456 8.060156
4.104858 6.936143
4.094467 9.191530
0.379502 7.127324
6.466747 6.843029
4.515329 7.895484
5.549006 9.855532
6.482088 8.263935
5.031888 9.896772
3.228588 8.880567
4.325168 7.821732
4.478123 7.296525
3.586988 8.964140
2.396459 6.821198
1.344209 9.503921
0.726137 7.975374
1.509975 9.376932
2.682031 7.472988
2.403743 7.111927
5.289617 6.696649
0.941612 8.171172
3.200959 8.581302
4.627818 7.696216
3.048690 9.094630
0.290448 9.198532
2.667056 9.534955
5.101623 8.390281
2.551525 7.997278
5.365649 9.958768
1.628030 9.243356
0.203814 8.544154
2.476693 7.804881
0.926336 9.739093
3.322508 8.292034
4.514507 7.141289
1.300159 9.098190
1.778962 7.089063
5.165340 6.940620
5.216211 6.816412
1.429617 9.713889
0.695151 9.365104
1.395465 8.146680
1.317586 8.568019
0.407181 9.398181
4.259514 8.979102
4.840799 8.093577
2.559797 9.783116
6.471503 7.174814
2.311256 9.158142
1.569958 9.681020
6.096587 8.356976
0.557279 9.282834
5.483268 9.958267
4.495508 8.113474
1.042994 8.716526
0.593627 7.874154
1.730342 9.567144
1.226682 7.181961
5.597599 7.336376
3.688655 9.994074
6.428288 9.403541
3.582406 9.041895
4.468706 6.795304
0.407789 7.827751
6.599215 9.067612
5.833610 7.456547
6.021567 7.241774
4.122485 7.047652
0.175491 9.885961
4.250326 6.943439
0.822710 9.083400
1.546033 7.493196
2.018370 8.140629
3.323767 9.552472
3.276169 9.891832
5.195319 8.928688
4.807077 9.136540
2.307419 7.471896
5.908144 8.747013
1.647241 6.788259
3.610344 9.611520
3.485708 7.205132
5.574822 6.828869
4.420849 8.778578
2.378003 9.246545
4.356051 7.962941
6.305214 7.261972
3.379749 8.194397
3.987661 9.427452
4.780562 9.420083
3.779393 7.028760
1.188365 7.914374
5.407191 6.825971
1.645489 8.934269
0.011467 8.730472
2.045294 9.279917
4.441090 9.665772
6.296697 9.904838
6.535043 6.826415
6.360352 7.819444
1.115527 7.050942
5.608096 9.332143
1.462588 7.968085
6.020726 7.576569
5.549362 7.589562
3.425420 7.410264
3.048622 7.784624
4.892877 7.602731
5.989837 9.710908
4.578885 8.588856
3.144731 7.992108
3.560057 9.622326
0.322295 8.608063
6.524969 6.846861
1.516793 9.254297
0.626070 8.573889
0.391453 7.230640
6.426561 7.551856
1.470051 8.255889
1.783797 6.684289
5.773584 6.870907
0.356371 9.832016
1.927440 9.740112
0.831481 8.302679
3.121789 7.383450
3.310696 9.822685
2.593711 7.601109
4.548235 7.614559
5.277181 8.593734
3.077610 9.909208
4.458309 6.742250
2.690388 7.998255
4.491436 7.456477
4.316445 8.738700
5.470073 9.781256
0.597107 8.472056
5.168809 7.692563
3.485255 9.355846
6.522066 8.545783
0.321152 9.151051
5.983319 6.704862
1.701626 6.928302
2.216811 7.606085
6.486880 8.684700
0.835690 9.605611
3.014986 7.806125
2.134723 9.253225
3.652388 9.173786
5.198212 9.365409
6.370227 8.604837
4.141741 8.615949
5.940460 8.495849
5.874956 7.313076
1.164413 7.314929
5.403851 6.678357
0.786292 7.578441
0.041888 7.304299
5.939103 8.409177
5.547867 8.516874
5.641072 7.951293
3.947412 9.690384
5.873556 6.883894
0.162365 8.030192
6.546150 8.378408
4.220642 9.706309
0.201889 6.866125
3.994622 8.655546
4.153530 7.552373
2.363526 8.379361
1.975279 7.514327
3.554210 8.063715
0.888499 9.018572
0.362432 8.651887
4.297221 7.085050
2.900694 7.788576
1.769432 9.743203
0.388406 7.902350
5.202098 8.445273
2.984301 8.958725
6.018020 7.800607
1.540893 7.192397
5.303603 6.974319
0.520295 6.926273
1.224072 8.871593
5.525538 7.953158
1.241487 9.003998
6.471856 7.475444
0.878611 7.494121
0.639951 6.900769
6.604359 7.401021
3.822287 7.782564
1.314984 8.371706
0.939801 8.431193
6.188529 8.700879
6.640743 8.081926
2.904797 9.793212
4.206797 7.894612
1.870145 9.499137
4.292020 7.091073
1.173758 8.397975
2.600764 8.669224
3.103197 8.873363
0.769062 9.053831
2.792987 8.619079
0.444470 7.749777
2.809170 8.085732
4.159411 8.874858
1.561917 8.304852
2.084884 7.009897
4.291531 8.822670
2.875118 7.536898
5.108674 9.075063
2.116985 6.880211
1.692025 9.648484
2.204770 7.151237
0.734225 7.742068
2.573442 8.431120
5.467830 7.204777
5.867740 9.260988
1.869926 8.089814
6.436249 7.185454
0.490006 8.357122
0.504757 8.851930
2.995665 6.848763
3.761091 8.073321
4.760254 8.173619
4.806209 6.911769
1.682664 8.342969
4.463204 8.983065
0.405963 7.211511
3.233813 9.668100
3.044496 9.510720
5.981997 7.848511
2.886852 6.820693
4.421640 8.084431
3.379612 8.752784
3.665983 7.975783
2.447585 7.843038
5.158622 7.366399
0.209552 9.323587
0.864459 8.748326
2.743566 7.219100
4.463358 7.478153
4.086737 8.659982
5.608848 7.587361
6.552914 8.365086
3.884916 6.716029
5.858188 9.758982
0.291208 9.508370
5.998433 9.422888
2.551753 7.075522
1.388569 7.146950
3.384020 7.104113
4.860850 7.813180
3.550555 6.905474
1.685247 9.665126
1.258395 7.730160
6.500151 6.957687
2.657043 6.705746
3.507810 8.944673
4.360966 8.312553
6.582707 6.864991
3.547712 7.088150
1.775515 8.407908
3.562900 6.978887
0.817211 9.805695
1.610163 8.305931
3.254350 8.789091
4.644902 8.545036
2.798073 9.483271
3.822198 8.519587
6.204805 8.103350
6.151331 8.252250
4.463399 6.773428
6.108719 7.331775
0.693645 7.432731
5.976241 7.487449
3.329434 8.681717
3.184291 7.105102
5.866906 7.030887
1.831310 9.207565
3.980358 7.402174
6.180465 8.647634
3.873490 6.702532
6.429746 9.683587
3.026859 6.804790
1.243572 9.887427
1.630119 9.259822
6.291785 6.896338
3.418848 6.800032
4.050302 7.563125
2.212751 6.815290
0.759139 9.499973
6.059144 8.563209
3.593601 6.789206
6.134106 7.436865
4.323214 8.937894
5.357788 7.455349
3.060099 7.665731
3.941202 9.954455
4.688642 6.897991
3.537593 7.978969
5.362397 6.920635
0.108714 8.381509
6.429397 8.238044
4.418654 9.167485
1.580550 8.641739
4.285683 9.124048
1.566370 9.287625
2.227320 7.946142
2.591804 9.163167
6.189287 9.110990
2.974470 8.418562
3.813142 9.077527
1.064582 9.962372
6.497901 7.478594
2.711104 9.627742
0.824802 7.374779
0.453690 8.650940
3.899996 9.039319
6.471743 7.512982
0.826075 8.134647
3.717846 6.722958
3.514422 8.677915
2.838905 6.947943
4.083897 8.507150
1.789072 9.041980
5.504698 6.888356
3.595555 8.248637
6.555501 8.356462
0.472117 8.978934
2.169275 6.770141
1.842127 9.586242
4.488156 6.671623
5.700907 6.728054
4.076301 8.246806
3.982432 8.099545
1.630814 9.260091
3.646140 7.534409
6.500944 8.595173
6.132229 8.817359
3.965982 8.142030
0.555860 8.706162
6.319805 7.608212
6.449162 8.899766
3.136077 8.500873
0.176695 8.956760
6.041844 9.578325
0.299387 9.530703
1.276131 7.691757
6.095308 7.854862
3.362481 8.188896
2.719165 8.343058
3.320027 7.392958
2.712484 7.196884
3.402499 7.512618
1.672079 6.750528
1.617254 7.197936
2.924271 9.074731
3.446343 9.022519
0.542197 6.997449
2.944461 6.837978
1.819262 7.248408
1.847920 8.688463
5.107084 7.425766
1.255055 6.815908
6.317454 7.317939
5.141296 9.421880
0.265024 9.958275
0.316333 9.627865
5.341668 7.197173
2.663496 9.971441
4.163560 7.041469
5.384255 9.039567
3.404056 8.965997
5.550783 7.746351
5.482506 8.173019
2.146872 9.816921
4.724896 8.092747
4.132030 7.888722
4.797652 8.181959
5.183677 7.757904
1.319531 9.485948
1.865567 8.524343
0.134093 7.733320
2.897961 7.398974
3.131527 9.358204
6.659539 9.599664
6.474177 9.132956
0.722224 9.233749
0.373521 8.253230
3.149679 8.214790
0.238607 7.501877
4.607572 8.510670
3.939790 7.113310
5.306371 6.931794
4.997477 7.301136
5.111141 9.575217
4.471698 9.702263
5.340315 8.480762
1.666002 7.083871
0.314122 7.169243
6.510716 8.796118
6.087126 9.015496
4.115617 9.587980
6.148189 9.909486
1.149835 7.901133
6.599194 6.775768
1.571195 7.885364
6.596048 8.312263
5.152625 9.186706
5.852726 8.241739
1.434403 8.224549
4.685896 9.673415
1.103351 7.898402
2.732939 8.199533
1.021236 8.559816
2.350416 9.296882
4.707461 8.401212
1.434277 8.960844
1.058816 7.499183
3.031036 8.769596
0.765985 7.589042
1.122104 6.959485
3.643558 8.275957
5.195412 9.379631
3.419714 9.197581
2.098718 7.749001
4.541870 8.093226
4.020352 7.879795
1.484646 8.878404
6.627189 8.637147
1.289673 7.749730
4.701476 8.944594
2.683703 8.413711
5.910122 7.525972
3.342642 7.103719
0.760108 7.330386
6.204435 7.146073
5.750999 8.688225
3.115730 7.914892
0.802632 8.290878
5.766396 7.596529
3.785687 8.809509
2.551475 7.702804
1.089150 9.111059
6.317895 8.424658
1.418094 7.292425
4.188370 9.305198
4.276877 8.536335
3.975423 7.720741
4.177958 8.411972
1.785530 7.639733
3.899564 8.955086
6.181626 8.700375
3.590715 8.427044
3.574490 8.364082
1.162724 9.236329
3.539586 9.444588
4.019455 9.333411
1.678666 7.216222
5.093693 8.483906
2.616031 6.711908
3.368894 7.401309
0.814427 7.305010
3.926154 7.253376
5.471507 8.522730
4.076606 9.557510
0.765822 8.068267
0.323408 8.947755
2.210222 8.060778
3.294913 8.531613
3.461535 9.283411
3.044668 9.888232
6.183067 8.531287
1.216424 9.821696
6.483249 8.248282
0.503182 6.814039
0.843150 9.178079
6.370700 8.406834
0.552808 7.320614
0.856751 9.149859
2.385612 8.172997
5.143189 8.082205
0.479854 8.250288
1.776810 6.868234
1.367793 9.775862
3.875709 9.154771
0.470506 6.951872
3.852888 8.733494
2.122461 7.487873
0.415201 9.433861
2.637188 8.803586
6.520975 7.872509
3.721074 8.256558
6.111075 9.496878
6.559540 6.971933
1.320078 9.849267
0.828952 7.390883
0.370805 6.719707
0.132766 8.276657
6.435675 9.614396
1.342478 8.503448
4.002987 7.277402
2.635853 8.621049
4.576513 8.155808
4.072328 8.551991
3.214360 9.535071
3.692122 7.013632
2.234572 8.642694
1.818449 8.827015
6.589392 8.065171
2.352500 8.897172
3.043137 8.631267
4.901392 7.510409
1.310724 7.359287
6.448415 9.171997
4.752549 6.979381
2.788347 9.268572
4.568814 8.431940
3.668151 7.733488
4.765630 8.185557
1.420751 6.743777
4.953847 9.493410
4.827924 9.467948
4.316371 7.481131
1.465859 7.728012
3.642510 8.667138
1.503104 9.269962
1.703361 6.804936
2.129466 8.750183
5.771021 6.776949
4.967441 9.356757
4.692192 9.293670
0.160984 9.139007
0.478071 9.310154
2.213978 6.884138
5.150486 8.195812
4.117493 8.808068
5.672080 6.928039
3.404539 9.171344
5.650390 8.096784
3.399848 8.783806
6.150060 9.366194
4.832116 9.410207
1.399247 7.164862
3.721421 9.589925
1.974494 7.539416
4.644805 7.685133
0.919763 9.615555
3.025131 8.268101
4.561637 6.830205
1.407954 7.934135
4.579059 6.749475
2.225803 8.767274
2.589874 8.941702
3.360198 7.269427
5.620971 9.930413
5.566614 8.273857
2.733987 9.488030
5.589062 8.705946
3.252969 9.567577
1.357122 8.651660
3.669029 8.384570
3.084235 8.944645
1.892817 9.327786
5.863936 8.938531
4.965121 9.415972
5.890082 8.093575
5.775448 9.641529
0.642509 7.706352
3.501381 7.375046
5.170956 8.920174
2.723027 9.925885
0.686343 9.607801
2.192837 7.955328
6.005614 9.661754
5.270439 7.648874
1.509263 9.008310
6.520594 7.978751
3.483475 7.448817
2.521315 9.105000
0.961258 6.716053
5.436714 8.211749
3.530899 8.411359
3.562791 7.493691
6.342719 6.862543
1.306783 7.769294
3.924570 8.701099
1.976844 8.940573
0.416532 7.715862
5.456149 8.565786
4.985683 6.952404
3.387201 9.472354
0.986229 9.309217
6.372472 6.997714
5.404531 8.348761
2.504179 9.364087
5.678817 9.256805
4.137879 9.132240
4.915897 8.031775
0.930100 9.009901
5.713552 6.817918
3.035210 7.137078
2.025035 8.191797
4.653377 8.656200
5.298486 7.521158
4.684143 7.432226
2.896320 8.070206
2.715854 7.019375
3.540057 7.930665
3.834820 8.582382
5.967793 9.423116
2.293404 8.080060
4.693834 6.850011
1.837474 6.913954
2.167111 8.889050
4.980082 7.782484
4.188000 6.942359
3.681498 7.393688
3.699353 7.264411
3.689785 7.978165
5.735821 8.263327
1.930429 8.198552
0.098819 9.334925
2.963808 7.942450
2.847973 7.700912
3.314144 9.862285
2.854071 9.006967
6.097798 8.688714
2.668910 9.246073
3.311496 8.401758
2.045421 8.021839
1.164943 8.438244
1.417535 7.049148
4.150030 9.688163
0.229005 9.089296
6.263505 7.355323
2.631922 7.105391
3.037814 9.225510
5.548467 7.086251
2.205258 8.490322
2.076026 9.810671
6.269764 9.298857
1.716986 6.676230
4.434091 6.867334
4.176792 8.403704
6.077499 7.108517
2.173652 8.671372
5.749452 9.271259
5.322671 7.204645
1.215572 6.867509
2.576783 9.736599
3.940462 9.801085
0.248088 7.143546
2.165616 8.022245
1.496451 7.066831
2.596026 8.801349
2.163240 7.544056
4.497452 7.290482
4.734212 8.116201
5.981009 7.009616
0.092705 8.686225
1.256438 6.784226
0.359560 7.985583
2.917983 7.798981
1.326297 9.234437
5.716539 8.903197
5.939863 8.655852
5.420056 9.198420
3.964395 7.213043
6.178546 9.041105
4.761145 9.556231
5.402100 9.884888
2.298323 6.851683
4.427639 9.894348
1.568897 8.699816
1.036406 9.289458
6.076235 8.212981
0.231641 9.605154
1.168213 7.928438
6.656431 8.517779
5.441592 8.757187
2.414750 9.956102
5.506461 8.163206
5.411389 7.909075
6.452837 8.477274
0.912247 9.962694
1.103370 8.341168
1.951919 8.361339
2.465340 6.684300
0.464830 7.946777
4.021777 8.043844
2.554274 9.819763
1.263559 7.793317
2.147889 8.054637
5.889805 8.752006
1.858879 7.507522
3.426282 7.207296
1.969931 8.242426
5.634160 8.835488
2.297380 6.835242
6.045263 7.885213
6.409934 7.775886
5.491379 9.038988
3.133568 8.196751
2.080464 8.704810
6.547221 7.405902
3.388029 7.485534
1.792032 6.992992
5.839212 8.811733
3.359816 9.188352
4.717082 9.786204
6.515602 7.471406
0.560423 8.629821
6.017361 7.116566
5.459598 7.838603
0.040597 9.871416
3.733368 9.071459
3.217406 7.942837
1.397144 9.267220
2.301234 9.605281
2.349730 8.746735
4.601236 8.346309
6.392894 8.663370
4.938880 7.754707
0.361985 8.719280
5.546527 6.964170
1.545558 7.578975
6.123268 7.910028
6.605510 6.894473
2.047517 8.897668
1.560856 8.850567
2.062284 9.294051
1.576547 9.114329
1.540523 8.328900
4.877069 9.745804
3.769562 8.825468
1.653755 8.619050
1.884138 8.382215
2.020433 8.021792
5.474563 9.088959
0.234805 7.663361
5.992104 9.304341
2.055596 9.936097
6.194285 9.630761
1.974599 9.865312
2.668793 9.780340
5.294379 7.407684
0.148751 8.543711
0.732426 7.959078
5.855997 9.056136
2.307415 6.829288
5.771147 9.447342
0.623428 8.392177
6.068636 9.490593
3.433279 8.790730
4.488415 7.481204
1.919368 8.922089
1.380974 7.355790
5.246750 7.356306
5.027899 6.913513
6.124397 9.960780
5.112760 6.689143
0.547536 7.753089
1.676454 8.606261
3.736057 7.886085
6.168255 8.881530
3.743964 9.296556
2.068834 9.924048
4.791368 8.889422
0.486781 9.831548
5.809367 9.473435
1.192405 7.355859
1.310483 8.960655
5.353295 7.077296
1.703402 8.915620
2.844769 9.117658
4.427469 6.802518
0.194936 7.403236
2.901504 9.568987
6.399488 8.547487
1.224123 9.667442
6.577468 8.096536
1.797638 8.431981
3.070063 9.788325
5.348979 8.027514
4.563606 9.985501
1.746550 8.064903
1.737156 8.362740
5.930375 8.981447
2.943483 9.138481
6.199387 9.085089
1.134664 9.329553
2.293301 9.514974
2.188529 6.945730
2.988851 9.175552
3.350356 8.092218
1.445294 9.981242
0.468158 8.046239
0.415407 8.716531
4.099127 8.723095
1.456030 7.568211
3.212306 6.993889
0.717094 9.007018
1.056629 9.221429
0.551698 9.600847
6.407061 8.229112
1.594978 7.577036
0.196983 9.137722
5.362450 9.792704
6.166492 9.513971
4.323577 9.097576
0.825616 9.472026
4.145276 8.926761
5.622912 9.123589
3.302823 8.104361
6.065376 9.996114
3.308399 7.517082
5.581241 8.439167
4.018157 8.883578
1.299321 8.284888
5.682327 9.526740
1.285976 7.745790
1.027322 9.776435
1.056890 8.891773
2.102940 8.559777
1.773158 6.802683
3.106817 8.772841
3.426482 7.385272
1.107713 7.730576
1.592147 6.972691
2.785153 9.150073
1.661576 9.107539
5.481059 8.976651
2.572309 7.107104
1.295154 7.814679
3.291361 8.128278
5.249608 7.200477
2.098189 7.443415
2.082865 9.639117
1.236410 9.855220
2.804445 9.619280
2.273254 8.921979
4.265352 8.980945
2.758625 6.912100
0.212866 7.927442
6.457171 7.227510
2.623105 7.596140
6.564255 7.931964
1.507412 9.555329
6.457625 7.418530
0.937709 8.863432
0.688259 9.991623
6.368212 9.540565
4.410818 9.678608
4.675891 7.863759
5.796688 9.924861
3.278398 9.328559
2.583401 7.170526
0.124296 7.697450
5.928125 7.450007
6.302197 9.809481
2.234222 7.147841
6.353771 9.474049
2.033503 6.885383
6.032897 9.338942
0.887025 7.287048
0.454831 6.965793
5.512040 8.566945
5.419216 9.259823
5.922287 8.227185
4.685376 7.351613
4.028210 7.505164
5.177170 9.384088
1.376345 7.410985
3.880943 7.797369
5.532295 7.942841
4.795188 7.691965
1.561224 8.953772
2.763010 7.061340
0.621813 9.696402
4.902216 7.034780
2.494863 6.902426
6.490909 7.506042
2.765149 7.090751
0.954846 9.698896
3.228624 8.264354
2.991604 8.907963
4.108135 9.810795
2.029796 9.916429
0.009902 9.032127
4.075762 7.882990
0.643835 7.396222
2.612108 8.223003
3.367408 6.773907
0.942807 7.510959
5.756008 9.027521
0.080695 7.474816
6.544959 8.206771
3.974632 7.920282
2.456564 8.924417
5.757666 8.750563
0.731516 7.878241
0.043351 7.856321
0.368572 7.659061
0.155324 9.138731
4.913593 9.543135
3.498956 8.129127
4.323877 9.745256
6.518351 8.246166
5.166789 8.625072
0.818540 8.772665
0.528672 7.986340
1.246299 9.740272
3.487785 8.367323
2.557884 7.231273
4.581433 9.521755
5.893015 9.219258
6.043583 8.660037
5.008793 9.714211
0.857867 8.164599
3.155288 8.903130
4.405887 8.833528
0.403232 8.415368
6.557120 7.789523
0.626384 8.859516
0.484443 9.816757
1.772510 7.404852
1.758082 8.294245
5.939537 8.145298
4.681590 7.091134
5.263250 9.216331
5.983881 9.349811
0.869893 9.723200
1.538928 6.946307
2.121722 8.123091
0.867375 7.098241
6.504280 7.717702
5.504206 7.066001
5.059046 6.728613
6.578158 6.796843
4.140792 7.891023
0.978582 9.122842
5.912585 9.387240
0.372811 6.768284
6.169995 8.871291
5.294416 6.975153
6.370838 7.648947
1.066090 9.386115
3.021342 6.876428
2.910713 8.609613
1.506685 8.497302
5.875528 7.467083
4.315048 8.253610
0.728922 8.602120
3.779777 6.905101
4.004273 8.760987
1.844052 8.646374
0.946247 9.917916
1.782378 9.274515
2.311637 7.557312
1.222439 7.180561
3.838005 7.099263
1.489275 9.667501
3.856880 9.263699
5.739230 8.607211
2.984372 6.995494
4.133150 8.182937
3.947949 7.802980
5.909187 7.104972
2.603938 9.579472
6.211510 9.545252
2.343759 9.272265
1.940575 9.156091
5.718237 6.737962
3.412319 7.689160
5.430868 7.682408
3.049751 8.694123
6.420052 6.748421
6.346474 8.512689
3.040486 8.352306
0.991545 8.539751
5.106540 8.839524
6.472486 9.121721
3.964245 7.992663
4.576371 8.507174
5.686215 7.211877
1.732997 7.903864
1.338011 6.803431
2.658150 7.370975
5.718050 9.049900
1.351659 8.057707
5.974818 8.282750
6.438743 9.408638
6.556592 8.239846
5.753695 8.072449
4.405474 9.420166
3.039261 8.119067
1.242711 9.019719
3.315099 7.310432
2.669977 7.338262
6.393710 9.885749
1.790133 7.943824
5.725088 9.724740
4.730060 9.945364
5.740304 9.276774
2.252519 8.698719
4.963794 8.674858
6.070936 8.992258
0.303393 8.163524
2.505053 9.663312
6.361412 8.737926
6.514074 9.466261
2.449372 9.853794
2.284460 8.363483
0.479886 7.437559
4.463477 9.752806
4.543642 9.829585
1.473238 7.036401
2.276154 8.637159
4.079672 6.688083
0.299461 7.157111
4.214451 9.636678
2.917033 9.907448
3.851549 8.896160
5.840216 6.825264
4.717628 8.692496
6.335935 7.326478
0.212658 7.498967
3.501899 8.943853
4.695149 7.883035
3.885733 8.810981
5.026583 9.405521
6.163213 8.185454
0.133101 9.100584
0.367065 9.176581
3.077738 9.665539
3.684839 7.245907
0.109113 9.054961
2.475877 9.008046
3.951965 9.334191
3.436620 7.112490
4.077107 7.570189
3.893307 7.011870
1.857913 8.684330
6.649924 7.858219
0.349509 8.331277
4.905306 7.330603
4.501524 7.110590
0.813742 6.801605
3.546577 7.689366
5.620054 8.757900
3.355401 7.433592
4.242233 7.396810
3.148744 8.031903
1.942809 7.288065
2.418201 8.176989
3.175591 9.866612
3.897286 9.830681
0.136439 6.729768
0.449980 7.784560
6.423581 6.834515
4.054766 8.204391
3.630377 8.492885
4.022472 8.311766
2.255241 8.313634
2.855067 6.908028
0.635920 7.537372
5.076688 6.932550
5.929517 8.913122
0.817334 9.730020
1.525167 6.792022
1.074488 9.354334
6.108524 9.632413
5.510994 7.706666
4.435459 7.131955
2.084181 6.813049
3.213642 7.089912
4.180130 7.113171
6.476990 9.343871
4.596855 8.868467
3.181571 6.716598
4.572761 7.062157
2.142958 9.217756
4.610087 6.785600
5.608349 9.279797
3.948751 6.912648
0.205389 9.446716
0.159901 7.285790
4.320756 7.387087
0.814961 7.599456
0.488912 9.026080
2.903337 7.609471
1.589519 7.640242
0.027767 9.037804
5.613795 8.213146
4.478585 6.993388
4.394994 9.996127
1.701645 7.375350
0.171800 8.153346
4.837249 7.149325
3.373985 9.893454
5.971060 6.678099
1.700721 9.171542
4.279165 9.003562
5.666010 7.129625
1.834004 9.564704
4.291682 6.852344
1.324840 8.665187
5.681173 9.490248
0.842038 7.826311
2.751978 9.626804
0.718860 9.501154
4.213228 6.795074
5.532321 8.715134
3.005154 8.499415
5.640944 9.859248
4.376061 8.661654
1.368440 7.972994
3.312003 8.479316
2.669549 8.242850
3.764061 7.148459
2.222180 9.109214
2.482215 8.022231
1.236272 9.919489
3.163735 6.677274
0.114016 7.544112
5.758729 9.734221
2.976248 8.447065
1.155686 7.956974
4.167993 7.362143
4.764014 9.603609
4.105738 9.584937
1.377612 8.629826
2.387242 6.798162
3.311652 7.695488
5.718821 6.898761
2.331681 7.080632
1.503684 8.851903
6.123530 9.064215
5.930160 6.999026
4.677183 6.785506
5.737043 8.715409
3.437654 7.946493
4.854189 8.635050
2.051866 7.667304
2.342971 9.836438
2.883237 8.281907
5.721936 9.872767
1.773582 9.196439
3.171690 9.066901
2.324226 7.855155
3.679897 9.025253
0.067016 8.979572
2.148600 8.728241
4.026776 9.361374
2.954697 8.206155
3.196301 7.070550
4.950874 7.484281
4.104099 7.648420
0.922507 7.584122
4.061331 8.503366
1.727008 6.778930
1.876658 9.897639
5.155320 8.744456
1.603701 9.475594
5.771824 9.635746
0.317260 9.309997
3.905379 7.698036
1.343035 7.969955
6.221936 9.312057
6.340406 7.455089
1.816981 9.877315
5.166023 7.986089
4.942710 9.200828
2.229228 7.204560
6.203487 9.556926
4.297188 6.707573
1.323173 8.982230
0.662253 7.414308
3.571801 9.653913
6.004455 6.966592
0.131449 8.629996
4.914923 6.855718
4.371583 9.311828
0.407651 9.064072
4.557253 9.650699
0.845826 8.769698
4.598364 9.574581
0.014713 8.235770
6.247474 6.983919
0.871530 7.237773
3.974784 8.760519
3.981250 6.852013
2.523095 9.537400
6.199714 8.693842
0.059364 8.357271
4.845350 9.328148
4.314229 7.884483
2.245044 6.907781
0.402309 7.261228
2.713187 9.450201
3.674932 9.141998
3.640255 7.379602
4.343799 9.971611
5.085597 8.870576
1.973547 7.038159
2.175863 9.695220
1.955241 6.667240
0.069756 8.263172
2.163190 6.841272
6.607974 6.966935
5.004239 6.727419
1.358564 9.559754
0.125408 7.197485
4.904733 6.933421
5.253806 8.801613
4.378516 7.933361
3.635340 8.621797
1.088353 9.717854
6.031710 8.258702
0.974989 8.937803
3.791735 9.085286
2.610727 9.655067
5.125495 7.540170
3.430622 7.291495
2.615765 7.358868
4.929853 8.669174
1.272968 6.807435
5.847659 8.119906
6.644781 7.280825
5.296784 6.910244
5.549692 9.251118
2.793641 9.418140
1.645460 7.489610
2.242976 6.971652
5.918712 8.322373
4.157029 7.647880
2.482494 9.404040
0.603260 9.346927
6.203185 9.332659
5.658152 8.644554
4.514577 7.763667
1.734178 7.859554
4.954283 7.123783
3.834846 8.171256
5.566682 7.968550
3.655252 7.236958
1.035024 9.603658
5.630442 8.248074
5.903384 9.706988
2.006820 9.760402
2.642015 7.041631
1.409353 9.146398
6.019756 7.824055
4.888846 6.799307
0.929219 7.094121
6.620446 9.343804
4.835562 6.812143
2.029479 9.224369
4.268085 6.975656
6.377455 9.700822
4.632439 9.181144
5.111100 8.038841
2.169329 7.498954
3.727054 7.500119
0.833815 9.536307
6.530035 8.844521
3.611826 7.861840
5.561480 7.414286
4.362131 8.086252
2.796280 8.920765
2.053601 9.609833
5.646366 7.160354
4.357550 9.330387
5.779675 7.303282
3.845436 9.795989
6.242409 9.619374
5.687719 7.233813
1.396548 8.495373
2.297441 7.502278
6.368404 8.304162
1.238334 9.096866
2.353902 9.070695
0.561229 8.019354
0.097130 7.658349
0.707154 6.698027
5.247491 7.648412
5.532568 9.744724
4.199916 6.712642
5.017356 7.995822
6.253312 8.362814
5.868020 7.443629
2.440323 7.588721
1.948875 8.861166
5.465479 6.963951
1.021132 7.465849
3.557136 9.093305
3.391921 8.809613
3.186744 8.977061
3.981378 9.855088
3.517314 7.853492
1.228503 7.767275
6.233788 8.949402
3.132548 8.424036
5.590278 6.973511
5.670192 8.819366
2.414712 9.225923
1.518909 7.597286
1.388633 8.824293
6.589480 9.248151
4.927845 9.739897
4.777582 8.308803
0.421363 7.224009
6.086893 7.054131
6.166023 6.875471
2.321795 9.042220
3.191128 8.311234
1.399375 7.518537
4.517818 8.571878
4.023445 9.664785
3.416979 8.908902
4.968093 9.475349
6.167382 7.859413
3.638306 8.768121
5.442759 9.998187
1.346445 9.623700
3.664707 7.279593
5.750473 7.279050
0.739842 9.620445
2.146699 7.291453
3.702514 7.416128
1.769399 7.489049
2.194994 8.848175
3.355749 8.705922
2.755968 8.135970
1.757622 7.473424
3.884834 9.655742
5.747037 9.445894
5.653336 9.518410
1.884700 8.922753
6.384804 9.449381
4.534803 7.856932
4.885885 7.386780
3.588620 9.571394
0.410907 8.699575
2.769875 7.708235
0.971777 8.705162
3.225237 9.737291
3.855998 9.814666
1.042445 9.694926
6.056034 8.001433
4.395630 6.785737
4.669097 7.312188
0.828732 6.960639
3.120037 8.820125
2.250758 7.221233
3.775834 7.542240
5.682128 9.339822
0.100554 6.879962
0.204535 8.766305
3.420647 9.260028
1.964186 8.905756
2.267116 6.991876
1.879488 8.883620
3.982116 9.423072
6.418557 9.061390
2.851511 7.055605
0.077412 8.180717
1.759213 6.918486
5.026929 7.274491
4.443881 9.235534
6.468355 8.227450
3.852676 9.176486
6.280909 8.869550
1.710102 6.949135
0.303213 9.988073
5.934686 8.789117
5.215080 8.483934
6.397444 7.074227
2.409629 7.919779
0.911422 9.687759
5.234753 9.654639
6.657409 6.836427
2.532187 6.737147
2.986322 6.810585
3.264051 8.199773
3.596215 9.902448
3.582676 7.699075
3.473793 7.925629
1.703886 6.752392
3.898295 7.297747
1.925304 8.099916
3.945193 6.731283
5.496928 9.554823
6.248664 7.423782
6.374117 9.898869
0.713980 8.488416
1.821951 7.844655
5.032535 8.075527
4.024906 9.979283
4.200930 7.012630
4.277942 9.592805
1.734572 9.679537
4.713541 8.722407
2.780188 8.850001
0.015900 7.692713
1.723572 9.680474
3.998908 8.071582
6.247006 9.961106
2.489556 8.106319
1.710787 6.942590
0.741815 9.008328
3.634334 8.178255
5.389683 8.625630
5.424255 7.531352
1.288804 7.963287
1.012202 7.906208
4.833871 7.055336
3.604699 7.656838
2.263871 9.689504
1.191266 6.840888
0.547069 9.155319
3.347573 7.719037
2.812069 7.468109
5.693855 9.803898
3.818107 8.535960
1.570132 9.997006
1.731282 6.687325
5.723409 7.174100
6.538940 8.508958
3.815666 9.477436
3.086805 8.902705
4.288448 7.304530
3.123511 8.493554
1.936724 7.085121
1.626920 8.866171
5.235916 9.973576
2.292625 6.954346
0.963118 7.114070
0.814929 9.387182
3.940918 7.850190
2.742674 8.481382
2.777028 6.978009
4.470135 7.885408
1.892760 9.609441
2.444242 9.617278
5.082510 8.059232
5.378501 7.116814
1.977388 8.365297
6.036811 8.984137
2.816591 7.975423
2.451153 7.508845
2.827437 7.763692
3.868094 7.350887
4.185386 8.458474
1.870061 7.187237
1.512198 9.868339
3.628234 8.949003
5.879381 7.116527
1.695368 9.450255
2.838797 8.857955
0.815460 9.360653
1.908513 7.460678
1.377521 7.461339
0.042754 7.156999
6.609158 9.744718
6.409050 8.348691
2.684445 8.921574
4.231355 7.037229
2.492620 7.544207
3.203927 7.534413
4.791089 6.961987
5.048412 7.140775
1.647790 9.806733
4.306462 8.810175
6.068332 6.783318
3.773279 8.388499
3.247418 8.813704
0.503225 9.483811
2.006953 9.532639
1.275290 9.934816
5.885531 6.767152
2.925530 7.785471
0.998573 8.115730
3.537224 7.006813
6.594772 7.470507
4.762670 9.654495
6.428412 8.643817
4.382305 9.085114
5.062121 9.682052
2.247510 7.016780
2.125889 8.124425
2.373724 7.847763
4.107565 7.005415
2.679512 7.899510
6.422877 7.614154
4.431957 8.285719
0.028088 7.697926
3.115907 7.301098
0.556209 8.984751
3.757571 9.457851
6.399647 7.174927
2.837215 8.564886
6.343826 9.171851
1.143085 7.342053
6.181957 8.064366
4.622351 9.370915
6.382198 7.717259
3.569880 7.517936
1.412851 9.844182
0.610272 7.316037
6.061202 8.335597
5.855166 8.517385
5.529240 7.659873
5.959984 8.454714
2.141794 7.444992
0.553668 9.759238
0.878311 6.929480
1.021418 8.298569
3.195887 9.894363
1.421739 7.144109
3.856792 9.583776
1.715003 8.889862
0.111510 8.498220
1.619019 9.964277
0.114815 6.837919
3.136130 7.155759
3.177243 8.346928
0.537496 7.803040
3.203587 7.262371
2.047237 8.571057
5.349032 8.006359
0.176929 7.274502
5.233699 7.546974
4.832794 7.688488
5.847840 8.032104
1.484867 6.784814
0.936792 7.131314
4.442040 8.460201
4.237054 6.828067
3.790889 8.775840
2.884733 7.041628
4.846229 9.319375
4.846737 9.459888
6.089549 7.462732
0.175877 7.584433
1.028786 6.686730
4.508912 9.376558
1.557175 7.665879
5.491826 6.969214
4.582255 6.946208
1.938355 7.282701
5.196111 7.318268
4.904012 7.916818
4.072349 9.460501
4.846425 8.173907
0.372329 9.165980
4.880878 6.710696
1.823177 7.314958
1.641394 7.659154
2.206376 9.742220
3.190056 7.766195
0.230912 9.761792
5.351216 9.815154
3.080918 8.805965
3.922078 7.512259
0.909598 6.805685
6.304221 6.743629
3.174704 8.344125
5.277609 9.290164
0.086108 7.480164
1.338110 7.644030
4.667801 8.249780
3.874746 8.814564
6.382981 8.068506
5.011228 9.487591
5.490867 8.604003
4.066223 9.870189
5.090982 6.716293
0.745251 9.402490
6.179262 9.312747
2.132796 7.037374
4.162924 9.378560
3.409574 7.708795
4.087968 8.259773
5.728202 9.790216
3.045406 8.170756
2.131556 9.779573
4.669007 7.253795
1.096656 9.618685
0.480766 9.503998
3.083191 8.346620
4.471646 7.939963
3.549085 8.627991
1.458782 9.998188
1.403957 8.091992
5.049902 7.984336
2.225737 9.905204
0.274712 9.087226
5.078816 9.052903
2.157654 9.479448
3.686481 6.934755
6.643118 9.338479
1.983409 7.883680
3.934278 8.204221
4.851647 8.823389
1.462155 6.941848
4.133196 7.161223
3.154601 7.654540
5.103476 7.335452
0.473552 8.376098
6.369798 7.469070
5.806268 7.314462
0.004911 9.122415
4.871140 7.665981
6.160010 9.344872
1.247797 9.865067
4.290246 8.098925
4.908323 9.837669
4.343604 6.848200
0.541798 8.910642
3.807093 7.320071
2.810853 8.851868
1.667588 7.578470
4.109324 6.770555
1.857713 8.551141
0.656544 8.518832
1.454671 8.889596
0.386711 6.726762
4.173756 7.479934
5.499579 7.711757
3.401281 8.386590
3.589511 8.148256
2.838615 7.766146
1.394075 8.140968
1.376944 8.150106
5.495321 8.195563
1.845363 8.308146
2.793777 8.250036
3.760529 9.498179
6.008611 8.078150
5.230862 8.036856
4.702671 9.734964
2.213185 9.032448
6.553656 8.645566
3.350685 7.058757
0.325074 8.603817
3.771494 8.509534
5.532818 7.374107
1.605470 9.109133
2.601873 7.723495
4.331319 8.348057
0.976780 9.175823
6.230974 6.749676
6.353314 7.798862
0.199295 9.071792
5.819181 7.607595
6.404503 6.794220
0.274441 8.724343
1.137725 6.785246
6.024555 7.421615
4.084024 9.948335
3.150133 7.874351
5.418950 7.021919
0.578413 9.509082
6.037376 9.443293
1.760843 8.370827
0.833168 6.857341
0.405985 9.885441
2.595048 7.175503
4.685854 9.111847
5.867605 7.310140
0.239291 6.867078
0.937616 6.755609
5.481026 9.761724
4.265622 7.289424
1.116017 7.988730
4.554054 6.829923
6.227163 8.854915
6.588591 7.633630
6.171445 8.381410
3.223714 8.907239
5.104254 8.480472
4.347651 9.420624
0.966921 7.807660
0.091206 6.768279
2.497468 9.528510
0.165049 6.723707
0.207929 8.724353
4.060469 9.398413
4.820918 7.490668
2.866210 9.111621
3.834190 7.121013
5.743957 8.485966
6.578333 7.905898
6.056486 7.817596
2.860453 6.670550
4.875878 9.369277
3.482260 6.791282
6.649692 6.732771
2.016997 7.842404
0.879013 7.015251
1.597051 9.165235
3.023238 9.205105
1.960743 8.508547
6.244388 8.887873
2.994566 7.542479
0.664471 9.056288
2.102928 9.778769
5.092851 9.435719
0.201311 8.549983
5.049559 8.024281
1.593653 6.757920
4.698430 7.726849
2.998822 9.704509
4.339264 9.963852
1.984549 9.725939
3.749054 6.909943
3.275591 8.966687
1.624130 8.603006
2.490185 8.151251
2.333583 7.188414
2.319112 7.358579
1.675762 7.848874
1.309983 9.773360
5.929269 6.897333
5.673555 8.005907
4.155440 7.441050
5.225040 7.791968
6.549754 9.466775
4.350048 9.458442
4.207878 7.640203
1.817501 6.778794
5.941197 9.298128
1.861279 7.911315
6.027292 7.292100
5.163701 6.776862
3.006976 8.415982
3.371929 6.767487
2.381756 7.303987
1.949667 8.864833
1.029510 9.524169
1.800643 8.700742
0.032945 9.711230
6.612622 8.929702
5.089572 9.917654
2.350751 7.071023
3.370217 6.804951
1.685443 9.324251
3.775251 6.672721
6.544286 9.127787
1.020014 8.359822
2.678471 9.795038
0.869818 9.097493
2.866090 7.985854
4.951523 9.201501
4.231394 7.470815
5.574662 8.321335
2.105991 7.873646
5.357101 7.141872
5.105816 7.391348
1.373125 7.644933
6.231152 8.589012
2.690321 7.274883
3.364533 9.153496
3.760394 6.782299
2.107074 7.432253
6.134399 8.334173
4.964641 7.575635
0.142230 9.652648
2.356470 8.748541
2.909755 9.155975
1.848404 9.375571
5.236055 9.195008
2.542055 8.087331
4.230593 9.110418
1.956281 9.066516
3.018660 8.652897
4.320310 9.523987
3.879368 7.045318
6.301726 9.528735
3.087802 7.293123
6.191604 8.041384
2.518475 6.939091
3.830660 6.996683
4.013462 9.066495
6.498212 9.819855
0.997114 7.468548
5.860160 8.852912
6.171004 9.816712
1.189895 8.376139
4.230620 8.798409
4.789208 9.197120
0.604762 8.801138
4.519598 7.418660
3.699440 7.903110
0.708621 8.839782
2.743627 7.622871
6.215106 7.400876
2.424254 7.965879
0.811993 8.040271
4.706934 8.565221
1.990887 7.491662
1.587429 8.086779
2.665140 7.822231
2.434864 9.656993
5.099501 9.593049
6.038348 6.784660
4.385321 8.191389
0.239128 7.333217
2.222439 8.664923
3.058227 8.155229
5.792419 8.955731
2.083648 8.020420
6.459051 9.064174
3.795699 8.313296
5.051445 9.994117
4.300450 8.422372
2.915062 8.572814
1.601570 9.711529
5.619695 7.199722
4.378454 8.451395
0.104404 9.575421
0.404290 8.933078
0.200213 9.958065
1.918573 7.949732
0.041117 7.042765
2.823160 9.719281
4.847533 6.831832
3.832750 6.831781
2.038380 6.856969
5.769394 8.861860
0.670681 9.229039
6.047892 9.837711
1.174128 7.609761
2.578546 7.168099
3.879301 8.889951
2.357123 8.243216
2.878300 8.378277
0.194512 6.713592
3.915485 7.431634
0.350956 9.831894
1.697132 8.579518
4.044729 9.669452
0.151820 7.621214
4.230152 7.671488
5.242841 7.206215
1.706392 7.971261
2.076188 9.845154
0.741918 9.473478
4.765428 8.166218
1.878039 8.031712
6.050401 7.926506
2.520925 8.700461
3.524779 9.601512
0.103551 8.908319
1.359200 8.129098
0.863231 8.723591
5.144037 8.124304
1.588054 8.579116
3.725475 9.592727
1.536339 9.497496
1.959215 7.749164
6.293697 9.929804
0.242585 6.754746
4.988394 6.799375
6.156280 8.904839
5.361814 6.919731
2.506586 8.711658
3.498058 9.960425
4.241911 7.580534
4.211184 9.760137
3.504399 9.006768
2.946800 8.629427
1.752394 9.208425
3.500644 8.875320
2.762283 8.920685
2.112600 9.145044
1.186833 6.760283
0.735859 8.692070
6.397487 9.999443
2.444874 6.951359
3.339274 6.971632
3.170615 8.331575
1.834674 8.777441
3.091518 8.960131
5.882762 7.299297
4.391415 7.026055
3.921578 9.667855
0.775239 9.417639
1.999198 7.734180
5.797606 9.323945
2.618453 9.148418
0.112279 8.288152
1.226361 6.978156
2.736231 9.853524
0.998208 8.325424
2.076605 8.658470
5.933829 9.971497
0.012948 9.921254
4.225457 6.937515
4.310537 7.129498
2.269394 9.850647
2.952098 7.256535
0.170247 6.694620
5.095260 7.577052
4.306479 8.135435
2.342409 7.054439
2.487948 6.673674
5.683306 9.917792
5.714286 9.129231
6.291061 7.493209
4.827350 9.047360
3.170289 8.100771
1.090167 8.943990
2.989963 8.112089
3.426195 8.959516
0.148092 8.512801
3.225648 9.711511
2.739180 6.873511
1.386733 6.831857
3.100937 7.897020
5.363847 8.586181
0.243329 8.781469
6.241750 7.629281
5.298814 8.829148
6.098274 9.649772
6.660054 7.051105
5.941304 7.796825
2.821204 6.974246
6.242783 8.082846
0.473538 7.764567
2.263459 8.656742
5.144256 8.519215
6.319228 6.979121
5.563768 7.773472
6.083647 7.088926
6.245303 7.650810
4.005990 8.539609
4.237406 6.895560
1.090607 6.856324
6.370022 7.283849
0.800274 8.409721
1.822933 9.495800
3.972286 8.920536
6.497017 7.045791
2.050253 9.261816
0.789755 7.502552
5.471463 7.267907
5.588510 9.270130
1.354031 7.962522
1.759315 7.362955
5.970279 7.074608
5.450121 6.910945
2.998241 9.058864
3.517512 7.979897
2.328808 7.099966
0.053744 7.099304
1.211003 6.855324
2.998994 9.326301
2.705641 9.335311
0.385232 7.391692
3.345154 6.861055
3.465464 8.633252
2.953789 7.584343
1.667304 8.559604
2.439950 6.985789
3.573117 7.124186
4.247783 9.808693
5.048381 7.309908
5.449089 9.276374
1.010917 9.603038
6.525668 8.764799
2.976592 6.930763
4.928839 8.621551
5.062376 9.069387
6.347226 7.103990
2.500717 8.711901
4.933904 7.139937
5.520823 9.012739
2.320280 7.710097
4.738056 9.276377
0.215598 7.458351
1.300932 9.661241
4.599567 9.325256
5.558793 8.750364
5.033492 7.109447
1.523455 9.073513
4.003885 9.241794
5.205301 8.815395
0.706254 7.984398
4.987778 9.275491
6.448629 7.085459
6.624387 8.934586
1.339295 8.993237
4.428218 8.365004
2.930127 9.714894
0.859464 7.588965
5.049039 9.196305
4.159712 7.616190
4.342993 8.569925
1.816961 9.863955
4.348945 8.066370
5.686877 8.865026
1.397175 7.411640
4.296304 7.844402
0.709621 7.355637
4.039420 8.685660
4.284799 7.322981
2.180159 7.932829
5.327094 7.978519
0.319948 9.104919
5.612702 7.267254
0.975598 6.689361
1.312578 7.769863
3.089623 9.895001
5.623025 6.709576
6.179145 9.828641
1.308756 7.691572
0.525262 6.750535
2.719338 8.769739
3.662724 8.599186
3.064965 8.145411
5.455432 9.864061
0.917004 8.733134
0.320145 7.198217
4.693499 7.156774
4.399672 8.264050
2.455722 9.843797
6.380568 7.495552
1.607663 8.242977
6.134936 6.936052
2.337228 9.320341
0.475251 7.312671
6.202552 7.789759
2.609624 9.141748
2.104726 7.293126
2.370307 7.926739
1.427442 8.253566
6.248579 9.728640
4.867230 9.122931
2.693765 7.637221
5.169402 8.202928
2.723691 9.407292
4.810639 8.567913
3.835901 8.749990
2.634854 7.172564
1.830553 8.823148
5.293693 7.322847
4.151603 7.114848
1.169413 7.812100
1.987047 7.942761
5.443496 9.835971
2.270661 7.366515
2.840190 8.022780
6.119153 7.562378
3.721719 8.001019
6.541219 8.004427
3.703501 9.391046
0.865431 6.937703
5.984622 9.474308
0.671594 8.510035
6.036434 9.493416
5.040989 8.461506
4.084365 9.722554
2.992735 9.365851
2.250314 7.228442
3.975647 8.309257
1.853636 7.930031
6.138338 6.821602
3.100080 9.674521
5.128804 9.573828
1.510207 7.560303
5.949169 7.717527
0.180528 8.447857
3.019220 6.993941
2.207791 9.448682
4.826087 6.874292
5.606227 6.784257
4.571216 6.956029
3.946656 9.608947
2.375148 7.448167
1.104623 7.705796
5.076241 9.214651
0.000933 8.467685
1.361288 6.726378
0.008786 7.807029
6.631408 8.405267
4.060550 9.506662
2.845610 6.672007
1.438033 7.700653
0.854900 8.739533
2.190428 8.855399
6.483029 9.919360
1.048119 7.744677
0.450628 7.851310
4.668687 9.061789
5.494678 9.226734
2.762086 8.155081
4.609045 7.319325
1.147278 8.001949
0.199394 9.385884
0.334830 8.343167
2.425961 8.643538
4.753852 7.690093
3.204171 7.934377
2.252737 9.495070
4.012886 8.770258
4.740877 8.755526
3.602510 8.504369
4.584371 9.388818
1.699521 7.934683
3.135779 6.934678
0.709194 7.462912
5.724033 6.870539
5.136218 9.767670
4.974703 7.990708
2.717672 9.384057
1.076652 9.501824
2.794368 8.970955
5.541061 9.836684
5.142727 6.984063
1.619960 9.468961
5.335918 7.725519
3.305184 7.061185
5.412481 9.053889
6.165359 8.154306
3.921312 9.562817
4.476940 7.551613
2.371135 7.567475
3.980007 6.920259
0.992870 7.229168
3.482747 7.515678
0.942588 8.700190
3.068883 9.237552
4.746356 7.145478
1.925730 8.330246
3.770213 7.913588
6.444126 8.678486
5.013418 7.752805
2.124647 9.602785
6.243904 9.948811
5.864113 7.874052
1.659564 7.024394
4.133966 6.968372
1.886994 8.609605
4.207672 8.296567
0.257823 8.263316
4.201064 7.292252
5.814271 8.765972
5.100026 8.043323
3.856229 9.864685
2.280576 8.541407
5.442014 9.928722
6.469925 7.617184
2.256758 8.350862
0.915203 9.697315
5.290311 9.071389
3.810883 7.524607
5.890618 7.005107
2.334533 8.930540
6.049354 7.632300
6.438312 9.338535
2.995315 8.376968
2.665319 9.307516
5.461417 7.174972
3.638221 8.278566
2.119648 9.017845
2.528866 7.550225
3.758438 9.695970
3.495216 7.687377
5.226654 7.988830
0.141231 7.061541
3.301548 9.548848
6.419434 7.386691
1.298267 9.795060
5.252769 8.441858
2.235775 7.419603
2.003356 8.180798
0.304726 8.399349
5.966636 9.922933
5.682363 7.045623
2.053129 9.920362
4.840884 7.799115
1.748393 9.351161
6.215204 7.259595
2.042790 9.740480
2.823732 7.994062
6.101825 6.731814
5.286104 7.530318
1.749420 9.107291
2.645800 9.179299
3.337980 7.975504
0.764557 8.551778
1.199175 8.615444
2.005041 9.075610
4.262777 9.037472
5.183042 7.482051
1.576936 6.686649
6.257754 7.568599
6.535730 8.864550
1.520233 6.889680
5.112101 8.847643
0.121998 8.111056
5.980494 9.334081
0.092215 9.489261
6.275857 8.689669
0.369949 9.926854
3.397985 6.827713
0.695478 7.441268
0.064306 8.899206
0.082264 8.674482
2.762295 7.516163
5.161125 8.551838
0.590539 7.644825
4.663859 7.640331
0.783934 9.960686
4.211497 6.675178
3.257003 6.728400
0.095526 6.741125
2.907567 7.378196
2.801608 7.891395
1.572565 7.819582
1.365072 6.904532
3.635904 6.894439
1.074815 8.715198
4.317538 9.718442
1.270834 8.524065
4.712615 7.509384
0.062878 6.748071
5.555623 7.476075
1.540267 9.768723
4.605247 6.760449
2.094683 8.428471
1.258321 6.906331
4.504977 9.447735
3.853351 9.254995
5.421091 9.608316
4.352806 9.885793
0.403791 9.207996
2.149810 7.130702
3.714573 7.570733
5.555649 9.135135
2.303288 8.662110
5.021838 9.550250
5.906863 9.000280
2.779468 8.538545
4.018228 8.448412
1.704399 9.504616
6.005146 7.992634
6.158290 9.077671
4.778173 9.605104
4.236094 7.984738
4.985198 7.011155
5.834654 9.769377
1.875149 8.625667
1.002183 7.401181
1.782599 9.745896
1.311745 7.988761
0.906113 8.103563
4.744785 9.719339
5.170255 7.697125
2.396903 9.013810
2.220744 6.832653
0.687337 8.383184
5.831770 7.305665
4.265824 7.060484
0.973932 7.884186
0.901028 7.833724
1.974340 7.527283
4.497408 9.523663
0.847605 7.656976
1.993004 8.643550
3.692482 9.838613
6.326881 7.917509
3.474535 7.503421
6.332225 7.281869
1.580523 8.926065
1.424659 7.488879
5.789720 6.960208
0.085416 7.904307
1.652714 7.568302
3.823493 8.713581
2.630513 7.208052
3.341771 7.948226
0.930944 8.086249
0.378603 9.617181
0.944395 8.146358
4.009919 7.214490
5.786768 8.326316
2.478192 6.939211
5.905927 7.335392
5.568211 6.850558
3.843935 7.447648
5.816046 7.522795
4.326281 8.515477
4.083183 9.134772
1.260571 8.449410
2.779536 7.923972
3.364891 7.397830
1.890720 8.927509
3.752056 9.962147
6.177273 8.315910
5.661738 8.246713
4.725143 9.586304
1.061146 8.511303
0.243638 8.086262
1.821376 8.908116
0.334198 9.969396
3.248745 8.988663
4.229528 7.427860
6.574082 9.066661
3.648244 9.500612
4.822703 9.244930
3.305783 7.758431
4.221749 8.937430
5.855133 8.930549
6.178150 8.560531
1.843125 6.694724
5.281718 9.476168
5.057106 6.771413
1.250553 9.043048
1.547623 7.042385
1.203949 8.616459
5.141364 6.734859
1.165427 8.845932
0.675894 8.602739
1.284777 7.541269
4.673423 8.125532
2.445395 8.290618
5.911090 8.428346
5.459864 7.627629
5.323192 7.090703
6.239427 8.595933
0.590311 9.638551
2.786562 8.443522
0.789127 7.624367
6.395657 9.258644
3.426485 7.103882
3.948048 9.676851
1.230368 7.646718
1.909224 9.992806
0.199444 7.759979
4.731672 9.307077
4.123330 7.169735
2.569255 7.680857
1.030452 7.372411
6.046295 6.903011
0.561441 8.415568
4.698707 9.215747
5.533731 7.752985
5.608412 9.124930
4.154305 8.702926
5.488240 8.391038
3.382697 8.969294
6.189445 8.881937
1.811005 6.901716
2.895959 7.236482
5.733290 9.121630
5.290866 9.257758
5.777853 7.485461
0.611020 6.951078
5.502646 8.190071
0.127843 8.279115
1.385358 8.017522
1.024669 7.909277
4.581921 8.862907
4.481244 7.308238
5.080462 8.879008
2.683192 9.852461
6.220518 9.081252
2.148672 8.500716
5.065649 8.414699
4.565573 8.943195
0.968410 7.586925
2.463331 8.798328
6.279445 7.531501
5.198609 9.593935
3.035278 7.627416
4.103680 8.701276
4.593089 7.096940
3.864037 7.436404
1.368593 6.730859
0.066228 7.137097
1.442249 6.919897
4.504947 7.227791
1.683398 7.722259
4.614887 8.953799
2.347610 6.800691
2.337270 7.913956
5.273862 9.595575
4.613191 7.455638
5.053751 7.482853
1.942142 7.855074
5.739340 7.157247
2.015762 7.275428
5.348719 9.475263
5.266735 8.285432
6.255450 9.289401
2.592120 7.633826
3.447554 8.605850
3.767958 7.611768
1.402443 9.660297
1.336965 9.833153
6.371534 9.365661
6.204202 7.835666
2.338101 8.962735
5.759889 9.914971
2.463372 8.491587
0.585846 8.108625
3.303141 9.975580
3.623752 8.713952
0.226957 8.531386
6.634706 7.137319
1.581555 7.978948
5.566943 7.850745
3.296940 8.726514
5.368818 8.376798
3.390609 7.931039
2.757014 9.354582
2.865635 9.281805
0.450208 8.857649
2.756332 8.497335
2.722592 6.845417
5.149655 6.698108
0.851837 9.360914
5.419381 7.632313
5.917446 9.525302
3.781442 8.100874
4.733648 8.731627
6.040361 7.643241
4.918688 8.760808
2.673847 9.819889
5.445014 6.893247
1.931500 6.748399
3.342178 6.765652
1.352372 7.351344
2.003629 7.880009
1.687257 9.055212
0.176885 8.448492
5.434941 9.342428
3.288720 7.872359
6.617305 6.859873
5.613576 7.081750
0.957815 9.606894
5.501895 7.947314
1.161076 9.065659
2.878502 9.592907
1.948967 6.783301
5.051354 8.359239
5.658156 8.419108
5.792353 8.516279
4.201069 8.855477
6.243038 9.370610
1.971691 9.600383
3.556059 9.836862
5.652482 7.540509
1.132763 9.992295
5.493100 8.801843
1.287618 7.614984
5.702480 8.296565
2.569115 7.057235
5.563403 8.168192
2.287317 8.480247
0.849977 8.457727
3.894606 8.678838
3.974738 9.820171
5.266652 9.870408
2.550155 6.973091
1.661017 9.455890
1.723179 8.507057
4.230607 7.745301
0.258607 8.044019
0.438596 9.894630
6.402329 6.845934
6.328320 9.658039
2.346595 8.696900
6.163920 7.790112
3.867053 6.974196
3.131897 8.065972
1.125435 6.771799
2.769292 8.689017
4.384217 9.125986
0.687730 7.865916
0.150508 7.150397
1.317501 8.217908
4.305156 9.118258
6.255828 7.927219
6.422401 8.683776
2.656729 9.620579
6.575476 8.392617
0.456514 8.268506
1.775016 7.642732
0.076683 6.763154
0.028058 7.513728
0.372246 9.691712
2.948137 6.813760
2.776018 8.680286
3.779538 8.767900
1.626599 7.447541
6.012292 7.251787
6.086762 7.589355
2.942817 9.559789
0.015601 8.468535
4.275515 9.195471
5.500597 9.491365
5.633113 6.862177
4.267901 8.022313
3.702049 9.868722
1.739777 6.695271
3.151491 8.817333
4.887113 7.204326
1.556640 8.436763
3.161845 8.563700
3.376518 8.649009
0.097395 9.071159
4.533723 9.626912
4.633210 9.432127
6.091472 9.945619
2.917145 8.013616
1.349326 9.235292
1.972893 9.320160
2.920376 7.810727
2.329436 7.010689
3.355445 7.980683
3.632155 8.525437
5.761256 9.506170
1.878247 6.889343
2.529283 6.963666
5.620249 9.878367
4.994745 9.916205
6.336846 8.274870
1.423839 8.354816
2.516774 9.585621
4.156476 9.037152
5.263854 7.078260
5.182650 9.823282
2.074039 8.757388
3.269021 8.640539
3.893485 8.358440
2.504453 6.894735
5.549473 9.757187
3.360669 6.760547
4.688724 9.883035
6.307517 8.032464
6.539498 8.049741
2.931097 9.717310
0.816923 8.399425
1.260798 9.882804
2.805256 9.282566
4.056403 7.664585
0.592332 9.225021
5.246738 7.621093
0.132659 9.752337
2.390145 9.192957
1.892051 7.445658
6.037498 9.940976
4.096770 9.826178
4.708452 7.369684
5.170075 8.240517
0.766348 9.128637
4.803371 7.630710
5.914812 8.864804
1.144861 6.682192
3.891468 8.873109
5.568713 8.489732
1.934724 7.923276
4.458308 8.228262
1.425542 8.925707
3.083005 6.860375
5.253984 7.851802
3.519651 8.950993
4.782760 9.840220
4.711287 9.017207
4.389091 8.573772
0.400670 6.681016
3.179902 9.149672
1.787574 8.580672
0.038698 9.984910
4.063082 6.831964
4.781500 8.921663
1.304994 8.710048
6.132221 8.365335
6.333183 7.213052
4.989209 8.295687
1.983998 9.644593
1.442011 9.977614
0.839702 9.475464
1.320835 9.426612
1.894219 9.836835
5.834938 7.717525
5.172978 6.733692
1.691904 8.156657
0.557229 7.156283
5.588406 8.234210
1.676904 7.370284
1.593324 9.204522
4.253683 8.539399
5.751866 9.347796
2.954923 9.114077
3.594630 9.403334
1.737853 8.160328
5.318025 8.675983
1.151281 9.856773
5.952437 8.531048
3.393387 7.416198
0.006361 8.852715
2.039763 8.231608
6.448806 9.626884
0.618931 9.902931
1.333364 7.992392
5.164327 7.196351
2.358681 6.889306
3.166770 8.221520
3.740018 9.895123
2.962368 7.053443
1.529699 8.800767
1.719334 9.865261
1.038233 7.721746
3.735850 9.758537
3.968797 6.942624
0.952294 9.166258
3.193693 7.722878
4.665759 9.700565
2.250490 9.456016
5.310921 9.855783
6.319629 9.752531
2.193179 8.611602
1.375086 7.726340
2.657916 7.725630
0.165319 7.012669
6.265730 8.200470
6.469904 9.106104
4.777225 8.064224
1.760909 8.171949
1.568569 8.615293
0.160720 8.641524
4.218099 8.243136
0.202537 8.657397
2.985581 9.645436
5.121238 8.830885
0.152077 8.492241
5.409589 8.449705
3.249680 8.643454
1.021054 9.321576
1.248757 9.274967
0.310976 9.389652
2.705966 8.258142
2.634249 7.834588
5.572038 7.425723
2.536800 6.728453
6.199069 9.805549
3.292753 7.106358
3.215758 7.909484
4.304343 8.386809
4.682992 9.206887
4.733696 7.742204
2.007641 9.990918
0.980701 8.162503
0.072426 7.504394
6.418149 6.887232
4.888976 7.293021
1.666955 9.245411
4.531869 6.668629
5.280148 9.290543
3.369891 9.199675
2.580717 8.403753
3.254038 6.837373
2.295699 7.434435
0.749310 9.990235
3.363588 7.015969
6.312591 7.814784
1.686642 9.079950
0.012587 6.822203
3.372007 7.093802
4.219577 6.823494
0.775916 8.472541
3.625326 7.662648
2.456071 9.717262
1.580116 7.423783
5.178979 6.938692
5.780701 8.054265
2.177903 8.358901
3.536062 6.952470
1.568283 9.844827
5.722752 7.094530
0.348603 7.967415
4.057673 8.125058
2.951995 7.378379
5.663237 8.383946
4.905813 8.682983
0.755099 7.162200
2.931334 9.294225
3.147113 8.045225
2.162676 9.468403
1.831200 7.471700
5.918270 9.526507
5.379614 9.098225
4.041952 7.282144
4.230300 8.296330
5.134758 7.870595
0.978907 9.672245
3.501314 7.049856
2.259994 9.014429
5.137730 9.928581
3.237750 6.765812
4.392411 8.804135
4.799831 7.154967
5.487957 7.602567
3.280560 8.654725
2.410706 9.845726
4.830403 7.021094
6.564659 7.293824
4.010235 7.771610
2.482500 8.907512
5.988181 6.833848
0.998673 7.977305
2.574401 8.396965
2.368700 9.014583
2.514914 7.191489
2.147665 7.288310
1.370630 6.947777
6.296624 7.937210
3.697125 6.803096
4.281107 8.073439
4.806638 8.516490
2.500342 8.847814
6.254417 8.111455
1.149647 7.767472
3.160785 7.481938
6.031565 7.501707
0.044893 9.009427
1.454467 9.178900
0.286178 8.872738
4.739795 7.422439
2.067042 9.716263
1.312562 8.641628
3.088951 7.381514
0.448777 9.733046
2.936777 8.725518
0.149842 6.925026
3.145295 9.312827
6.653638 7.113221
1.308648 9.491845
2.973375 9.906749
1.067075 8.637842
1.817724 7.768107
6.079715 6.778627
2.994578 7.340524
0.811645 7.961242
4.055045 9.528301
1.746153 7.392779
0.886180 9.137915
3.806354 8.910393
6.609195 8.343208
2.505053 8.803984
3.432495 9.761836
1.703484 8.321136
5.879962 8.574871
2.044249 9.270638
1.170989 8.078997
0.985173 7.226385
4.592663 9.857244
4.607092 8.825798
3.325593 8.232017
4.933731 8.297808
3.171357 8.835199
1.161879 7.769195
5.559306 6.714332
5.591759 9.472749
0.913066 9.710346
0.095344 8.503731
0.262744 7.328333
1.187008 9.309786
4.517808 8.433051
5.615961 7.769997
5.810362 7.701083
1.154023 7.736826
3.891653 9.620190
2.887450 7.986957
6.178950 7.383737
2.509098 9.102937
1.029445 9.230273
1.281451 7.134807
5.348641 9.626390
5.267457 9.567861
3.521238 8.468098
4.549177 8.143133
5.553912 8.280982
1.516247 8.934132
1.306670 7.117514
1.682373 9.220518
0.545263 9.739219
5.345686 8.468212
3.911001 7.042763
1.054862 7.988703
0.431780 8.097762
5.992907 9.799833
5.526253 9.821261
2.824597 7.627456
6.238902 7.877762
0.988653 8.486062
0.076508 8.911155
0.154815 7.440496
2.223931 8.354033
2.115137 9.899181
6.630363 6.910970
6.106961 8.512575
4.472592 7.238918
0.098886 7.073398
4.469314 7.772723
3.330981 6.980387
3.857133 8.386272
6.068454 9.653813
6.276622 9.157255
3.901778 7.550630
1.938614 8.473617
4.474107 8.174913
5.701792 7.505907
6.419816 6.937872
4.384074 9.248219
0.128331 9.619974
2.248682 9.104359
3.083638 9.843264
2.412005 6.990225
1.933405 7.125948
5.943898 7.361612
3.178752 8.119820
1.882059 7.784793
1.668487 7.547734
4.963181 7.685696
3.758338 8.954175
0.000239 9.546599
6.512044 8.148742
2.152899 8.725378
2.115879 9.397028
4.597510 6.844423
1.111632 7.803844
1.881679 9.683740
5.580291 7.760985
2.741922 8.978514
0.775158 9.685189
1.190395 6.775197
2.454849 7.923103
1.074330 9.983124
2.768633 8.303781
5.687255 9.212521
2.060972 8.970710
1.756094 7.376759
3.406315 7.870330
1.940722 9.090314
2.904288 6.950840
3.425568 7.468777
3.432467 8.981946
2.824331 9.288705
6.192251 8.190454
5.788364 7.776132
3.851393 7.402180
0.118370 7.941877
3.953175 6.886517
2.248456 8.225664
6.377964 7.618586
4.685343 9.850716
4.080516 8.396443
3.659250 8.718940
6.134919 8.350059
0.573263 6.916215
2.392306 7.981708
2.863597 8.131449
4.996846 7.968980
5.168650 6.813249
5.388778 9.634725
5.135199 7.787539
0.969751 6.749127
0.277015 8.401512
2.280393 6.824597
3.906456 7.239811
5.602094 8.141420
5.972269 7.515842
4.506691 9.922404
1.270760 7.730952
3.944600 8.637819
4.192782 9.112250
5.071497 8.106621
0.583655 8.737187
5.941718 9.319716
6.439429 8.574039
1.960368 7.069358
2.185647 9.474744
4.719140 8.111816
4.753369 9.971821
4.620633 9.032428
4.368911 7.615030
4.969465 7.548940
1.088611 7.193771
3.304870 8.566774
1.097129 7.324606
5.442306 9.441193
4.884954 8.824437
0.329521 8.537132
3.835578 9.974189
4.936960 9.469326
6.032126 9.944711
3.499303 7.862340
1.585967 9.135284
5.006642 7.088175
5.055592 6.829081
4.732449 8.390146
6.592940 6.949145
2.096432 8.973216
1.511041 7.613388
0.014445 9.555456
1.146328 9.031587
0.830817 7.923935
4.764575 6.928367
4.663493 7.310357
0.016712 8.104433
4.772086 7.343990
2.846034 7.584996
3.711961 8.561708
5.394234 9.026944
1.001284 9.951683
4.983836 9.695830
3.940387 7.168215
1.561963 8.054176
3.145539 9.236880
2.154784 8.379296
2.287378 9.200431
6.383996 8.022879
1.287991 7.404789
2.730434 7.717890
0.551077 7.736741
0.316919 8.941646
2.379194 8.510995
1.818748 8.212167
3.551733 7.051976
3.404113 7.450035
3.988248 9.621168
5.638788 8.060230
2.625840 8.519163
1.305029 8.704676
0.265326 6.804764
6.269123 7.033735
4.392467 8.842882
2.818726 6.962140
3.834411 7.904185
2.040691 8.381535
4.574941 9.517555
3.317486 7.270083
0.253423 7.488886
2.649305 7.915885
1.104146 9.206023
0.476206 6.731534
5.258624 8.474330
4.022379 8.763462
3.752094 6.670881
5.491201 8.958189
6.186152 9.043927
5.163191 9.051766
0.238361 7.745572
3.200285 7.085851
3.337986 9.478186
0.130298 7.348440
0.448289 7.494730
4.454162 6.904084
2.025813 6.678128
3.985216 9.959255
3.881204 7.121516
1.220139 8.521522
3.501136 8.583559
4.935326 7.910042
3.609476 9.822715
1.056148 6.736996
1.833072 7.170621
5.315311 6.905253
0.694824 9.561836
0.408037 8.111530
1.427157 8.986772
0.664551 7.433408
0.163095 8.359309
3.807803 8.183533
2.803600 7.193075
2.212262 9.637632
5.233218 7.011849
0.496168 9.823274
3.225319 9.843744
2.785439 7.667542
2.991118 7.324185
6.620859 7.066963
1.790885 7.332118
5.984756 7.908271
0.537543 9.739789
1.654872 7.519633
0.692951 9.275892
2.953939 9.035462
5.872343 9.910348
3.851358 9.804158
5.398612 7.955295
5.947702 8.197683
2.783706 6.939298
1.575473 7.240045
3.669607 7.944568
1.829747 9.457284
0.119140 6.744635
2.106787 8.838361
3.826216 8.621033
3.860064 7.127101
3.286247 8.775697
3.390105 7.511275
0.252587 6.998432
2.940846 9.975469
4.759006 9.908482
4.208692 8.969339
4.522016 8.465293
0.151462 7.898856
3.490085 8.071967
6.269756 6.793924
2.993074 7.737314
6.097987 8.030939
3.023656 8.989709
5.604770 8.499670
5.513038 7.528601
6.158719 8.871413
0.064899 7.823924
1.223005 8.505784
4.110082 7.445388
5.979664 8.429900
1.517860 9.395713
4.414024 7.912825
4.777032 7.055575
5.818213 8.902296
0.501456 9.412166
4.401580 7.359010
3.118330 7.036725
1.156197 7.057576
2.830709 6.883334
5.461707 8.599523
3.420577 9.847311
5.109682 9.550149
0.573206 9.794290
1.061333 9.804810
1.900918 7.844846
4.703928 7.642789
6.396152 9.870998
1.444351 8.157655
6.166058 8.638887
0.591520 9.546061
4.736760 8.190876
4.256680 9.833838
3.932286 9.582567
4.684192 7.451494
6.390820 9.717412
0.109772 8.615103
0.564452 7.177377
5.921039 6.879755
4.449734 8.715618
0.536984 6.809673
5.921965 7.407386
5.690210 8.649699
2.474192 6.922536
1.634426 8.693383
4.304165 8.309358
1.162196 9.492500
5.640230 9.670744
6.033367 9.050665
4.098305 9.074670
1.384956 6.808031
3.041306 9.228377
5.542454 7.988998
2.099040 9.890525
3.140627 8.823895
5.099988 7.204912
4.998935 8.069536
2.487808 9.416348
2.287713 7.272572
4.382628 9.323503
2.747465 9.359919
1.960801 8.795999
0.900524 9.159628
6.076121 7.209881
5.618484 8.297210
3.996323 9.602170
4.229121 9.803577
4.777610 8.676317
4.679785 7.864422
0.036616 9.815760
6.623443 8.865026
5.740933 7.507504
3.499609 8.046560
4.988670 9.457878
1.047485 7.639406
1.253768 8.193682
6.271638 7.921917
3.290763 8.175609
4.605444 7.754736
2.359548 9.515990
3.899670 6.890918
4.146775 8.360939
6.499249 7.538214
1.304283 9.640011
6.076637 9.553070
2.304792 8.213849
3.898026 7.473609
4.102509 9.279677
3.129899 7.596368
1.835998 9.887712
4.744735 9.588017
4.733360 7.636532
4.691053 8.005881
5.900613 7.438796
4.927928 8.772129
5.614200 8.230908
1.915607 8.572943
2.748864 9.526883
0.868941 8.522093
2.883516 9.522882
6.527219 7.689952
2.450410 8.481296
3.579836 8.995850
2.422519 8.482612
4.598674 9.875060
1.366946 8.036102
6.176888 9.955060
4.785570 7.410541
5.660557 7.947218
5.549428 8.329116
2.292457 8.087602
0.180682 7.154557
4.874735 7.448413
1.755214 9.638233
4.226110 7.265886
5.054650 8.483731
2.653233 7.178652
1.392555 7.827881
6.352091 9.755487
1.522022 8.276879
1.182686 6.715987
3.061631 7.345636
3.748701 8.517424
1.513376 8.584814
4.989539 7.933675
2.076767 8.858643
2.575441 7.046625
4.459648 8.286725
3.944301 9.082971
2.070055 9.382200
4.056101 9.716396
0.574623 7.223347
6.074960 9.957970
2.829658 7.614493
1.445349 7.273334
3.846560 8.610977
5.193720 7.354558
3.059963 9.486465
5.412355 6.930776
2.044777 9.323621
1.965893 7.584142
5.653589 8.416426
4.707651 9.117172
5.916997 8.770498
3.113355 9.246879
2.277011 6.817064
3.524458 7.578511
3.175537 8.919373
2.651834 8.971042
3.974762 7.961626
2.611188 8.807316
0.870174 8.717077
3.246704 6.850758
0.512124 7.237056
1.298714 8.910374
5.025821 8.925362
2.517861 8.773608
2.252738 9.290763
3.427587 8.124256
4.354088 8.711849
4.116808 9.869832
1.701405 8.970038
6.165911 7.118581
5.248126 9.714400
6.324290 9.977376
3.036754 7.077402
1.754135 7.587898
2.096167 8.721369
3.257391 6.871892
1.867723 7.399816
6.102779 7.535548
5.785931 7.005196
1.364250 9.587287
3.566852 7.416217
2.499306 6.717956
1.219325 8.333366
2.637383 7.119900
5.539498 9.765532
2.582356 7.535049
6.018378 9.226283
4.746972 8.984755
2.966428 8.206799
2.436932 8.938432
2.142044 9.847855
3.880875 9.276406
6.335009 8.521416
0.523591 7.863889
6.260200 7.064334
0.992525 6.798124
6.010053 8.194310
5.755627 7.468600
3.270380 9.303127
1.015474 6.758237
3.980628 7.533959
1.974249 8.786924
0.745726 8.405637
0.964464 8.022038
1.796174 9.146984
1.136193 7.942469
2.023404 8.805220
1.532125 7.854228
3.141469 9.909340
0.275232 6.809764
6.043495 8.852561
5.624600 7.643794
1.145517 8.461262
4.956127 7.173904
2.194869 7.480746
4.866867 8.185598
5.574144 8.707820
5.589336 8.717166
5.461377 8.236342
2.485052 8.525825
6.614400 7.419826
1.011454 7.723292
2.153957 9.704358
0.880031 8.602664
6.086510 9.519511
6.019003 9.793903
2.947544 9.447540
2.698304 8.120326
6.145731 6.728075
5.512022 9.476036
6.039939 8.008092
5.034565 7.336269
6.080277 7.633740
3.385851 8.536431
5.534881 7.461287
0.517559 7.355509
1.138312 9.363790
4.830506 9.014538
6.324740 9.694109
0.400414 8.185515
1.055429 9.599480
4.379500 8.801373
6.189241 9.112914
4.338728 8.273326
5.333396 9.193482
0.789646 9.796913
4.602303 7.120641
5.622379 9.539509
6.221952 7.973588
0.021412 8.015419
2.681409 6.812348
1.387639 8.718698
6.120543 9.662894
4.585629 8.195822
3.891853 7.681941
3.141376 9.246976
3.574854 9.005923
3.982247 9.857667
0.767629 9.276908
5.861768 8.393665
1.839809 8.618432
3.543505 9.706860
3.750308 9.500180
4.586317 7.737946
0.790694 6.762672
4.368361 8.229684
0.873378 8.368264
2.579408 7.680424
1.661944 7.313697
4.131486 8.563702
1.754612 8.449783
3.641563 7.152104
3.234936 9.943025
5.714777 9.154640
1.109075 6.877084
3.304622 8.553801
6.333431 9.762382
3.619611 7.876864
0.818275 8.862722
0.374328 9.827450
3.395479 8.060628
0.392185 9.792781
2.537104 8.246355
4.911702 9.411453
2.756827 9.750615
4.758832 7.374194
6.221951 7.953373
1.169572 8.244562
6.160881 8.136296
1.328664 6.773435
0.141229 8.820680
3.565146 8.433040
6.388531 9.476139
3.264089 9.512612
1.158997 8.574624
0.782478 8.010354
0.339960 7.431192
2.262469 7.540882
6.138055 9.857959
2.152960 8.343498
2.553019 7.192734
0.339687 8.394729
6.509622 8.074837
6.345567 7.926008
2.308646 8.741673
1.892951 6.873163
6.631962 9.256251
3.469238 8.531167
0.590646 9.291727
2.705775 8.736119
2.310074 6.919689
5.676204 8.286221
1.550699 9.558325
1.582538 8.948940
3.843118 6.813366
3.844246 7.289764
3.637836 9.095021
3.918457 9.275525
6.276850 7.500395
0.259383 9.196817
6.596094 8.356094
2.149522 8.146363
2.319820 9.396276
2.544943 8.702239
5.888152 9.043680
4.987309 9.213869
5.271799 9.660487
6.081788 7.448184
4.419580 7.614891
5.026760 8.575424
0.089510 8.153939
6.367442 8.525691
0.984814 7.502935
2.219560 7.152889
5.445503 7.039674
2.309279 7.704916
2.448375 9.715372
5.397533 8.990962
2.378015 6.984533
2.565601 9.381094
2.770510 7.626311
1.447210 7.552183
4.693477 7.357672
0.944322 9.747255
3.360648 7.241343
0.110588 9.965136
3.355170 6.987931
0.734801 8.766764
5.620454 6.871576
4.641170 7.434528
4.985014 6.688816
5.831718 7.124047
4.349203 8.965711
1.298823 8.341145
4.570481 7.160092
2.161888 7.486562
1.583376 8.930165
1.592073 9.790195
0.760071 9.722359
5.647807 9.135237
2.169104 8.057073
6.542092 9.686851
3.212842 8.488536
2.958987 7.700673
0.729629 8.561702
3.508427 7.644536
2.775282 9.869921
5.694416 6.716047
4.589812 8.701029
1.326031 9.975003
3.639628 9.731009
0.413337 8.766303
5.361713 8.987647
5.063596 8.270265
0.752059 8.243473
1.451299 9.362690
5.903691 6.699168
6.248941 9.151408
2.706975 7.556414
4.567690 9.490145
5.888691 8.430431
1.162254 8.725619
2.124260 7.743644
0.159337 7.653449
6.505003 6.995685
6.642439 9.954034
3.085662 7.923749
4.312380 9.106755
5.580613 8.464432
5.438748 7.550485
0.489512 6.779755
4.181378 9.925200
5.434586 8.572060
1.581869 9.920530
0.244400 8.179939
5.496276 9.670795
5.650416 9.709203
3.150087 6.784515
2.698353 8.146912
4.615188 9.756450
0.700872 8.305597
5.465703 9.316115
1.125631 7.331520
3.910733 7.255153
0.743685 7.957439
3.206444 9.131814
4.320333 9.263644
3.887407 9.787765
1.099125 8.585126
0.713893 8.932438
4.074200 7.863522
4.724683 9.946987
4.593724 6.835697
2.762482 8.342792
5.238676 9.580942
6.549909 8.405275
5.343620 8.788662
3.051661 7.712038
2.669366 7.415882
2.943688 6.885659
6.601226 9.789325
3.314551 9.794773
1.856990 7.626020
0.250629 7.903907
2.517794 8.136777
0.097126 7.322822
2.251799 7.389604
6.291698 6.991371
6.177406 8.783050
5.671199 7.050369
0.037392 9.130053
1.092131 6.766862
6.110253 8.975824
5.035756 7.031370
1.425464 6.935254
6.304163 8.621513
1.896813 8.168163
4.784367 7.265667
3.639957 6.918686
0.682895 7.438414
5.157958 9.774685
4.591477 8.669862
5.231974 8.190265
4.366427 7.625620
2.564351 8.319890
0.584336 9.677897
0.795270 9.888998
2.981108 9.715601
5.830214 9.041867
0.448500 8.094540
5.319056 7.944577
0.811948 8.259669
1.174943 9.785589
2.609037 9.339890
5.853689 7.421352
6.604512 9.442157
1.867739 7.681899
4.769524 7.251556
1.916654 7.420928
2.512396 8.648754
0.564095 9.569800
5.533962 7.983808
0.972040 7.072107
0.750634 6.789131
4.383277 7.137554
4.617323 7.780971
2.664951 9.666095
5.939411 9.466362
2.353415 9.137532
2.742642 9.280872
2.926426 6.682432
3.120338 8.852013
1.873343 7.141854
0.439178 9.907493
3.218490 8.456823
2.843962 9.817141
4.584598 8.015987
0.131942 9.665285
1.713556 8.085251
2.562507 7.266426
3.269717 9.006997
3.988255 9.818973
4.638727 7.937365
1.532277 7.740240
4.328987 7.987978
4.254588 7.390538
6.366170 9.693777
5.278039 9.787624
0.725097 7.050557
5.653594 6.869809
6.438252 9.577028
4.142889 9.832651
1.860190 6.884619
0.532239 7.031906
4.822429 9.592260
0.246307 7.230210
0.806117 9.994975
4.769476 8.747208
5.488527 7.684851
2.806287 9.571817
3.200810 8.034906
4.674949 7.066596
2.344944 8.526552
5.773182 7.988471
2.571376 7.331608
2.133140 8.098526
4.864043 8.564105
3.600724 9.350825
0.823289 8.469433
0.805630 8.852846
1.648690 8.267354
4.833451 7.447624
2.227303 8.520189
3.452511 7.680967
3.072570 7.137557
0.185320 7.604714
0.516801 9.384728
0.728595 7.993689
3.316194 8.071287
1.304824 7.958264
3.966623 9.094968
2.424120 6.719478
2.482178 8.862786
0.194888 8.302410
5.045273 7.987451
4.274427 8.071995
5.112584 9.226459
4.814055 9.975263
0.553914 7.167700
4.057377 8.484067
2.791758 7.862457
3.803118 7.522188
5.071170 9.688695
2.195681 7.319996
0.642001 8.073605
4.142039 7.895780
5.924339 7.815089
0.095302 6.695364
4.396128 6.938545
3.202196 9.211234
4.402038 6.912111
0.852852 9.111876
1.925634 6.762444
0.782705 7.797600
0.837955 8.453628
4.116916 7.319746
5.524185 8.533054
0.904796 8.652418
1.183365 7.648154
5.696192 7.040233
1.895005 9.797903
0.776219 6.800676
0.086487 7.462807
3.547791 7.408570
3.996009 9.151193
1.774300 9.695550
1.925080 7.251761
1.606151 8.410178
5.322981 9.352931
1.546619 8.328777
4.306401 8.390234
1.571224 9.231571
1.364125 7.461410
4.958467 7.023051
3.770991 7.107761
1.654134 8.719864
3.176131 8.127985
2.519477 8.034722
4.925181 8.683356
4.815340 7.166245
5.091201 7.975244
1.392329 9.970148
3.934003 9.254004
2.309267 8.575807
5.330160 9.526533
4.643573 7.959731
2.741911 9.633656
0.998221 9.187995
5.674906 9.145192
5.007461 8.387004
0.287754 8.851703
6.340716 7.049914
3.679813 9.224048
5.112503 7.529998
1.204364 8.084987
2.576772 8.538260
3.877131 8.805797
6.370594 7.067031
4.267636 8.129168
3.271116 8.643855
3.480072 8.586336
6.089076 9.458004
4.841843 7.430238
4.730105 9.683221
5.022470 9.479531
1.407414 8.279649
3.119170 8.101372
1.465289 8.646960
1.038815 7.057877
5.844455 7.051294
2.667149 8.859104
5.182378 8.029721
6.334842 8.647857
4.715830 8.113290
3.614296 8.958003
5.268404 8.939755
5.285764 8.897954
4.727152 8.496190
6.565233 9.374533
1.982227 8.969756
0.188453 7.060383
1.622450 6.927532
2.361006 7.265832
1.438875 7.114538
0.509434 8.001820
4.534278 9.347734
3.676330 7.271540
4.342521 9.313680
3.151635 6.698047
3.791426 9.137709
6.161262 9.372978
0.417383 7.398991
2.008301 8.132521
1.562496 9.610286
6.075419 6.978012
2.996025 7.952239
2.233971 7.591145
0.722457 7.801835
4.956352 8.082671
3.766858 9.006634
2.315110 8.197080
4.934185 8.605571
4.423362 7.642199
1.897798 6.804767
6.148787 7.478492
3.450850 7.054472
1.916900 8.066327
2.705599 8.430273
1.844204 8.638525
0.559941 9.015114
4.247765 8.982248
4.452774 7.970393
3.122704 9.297722
2.810315 8.237899
4.937586 8.446435
5.173480 9.730504
0.109757 8.305278
0.421780 6.838961
4.988946 7.860277
6.520857 7.547098
5.816533 6.964007
0.666260 7.173786
2.487620 8.970526
1.898591 9.579059
3.409268 7.974839
6.419944 7.308178
3.477671 8.420398
0.439044 8.511236
1.451029 7.750912
0.403259 7.532504
2.462222 7.243072
3.605838 6.745992
4.005641 8.571900
2.874076 7.803720
0.770111 9.340156
3.684734 7.644276
5.452835 9.229346
3.594812 7.370910
5.217906 7.284921
5.269119 7.835060
5.020581 9.077479
5.989887 8.401560
5.978770 7.121066
2.472062 8.652700
0.023335 9.631492
0.252541 7.320371
6.436656 7.579125
4.388486 8.473652
3.861846 6.784488
1.707334 7.672097
4.059374 7.243036
5.320463 7.201883
4.150115 6.810045
1.037072 9.518849
1.002079 7.506968
0.321814 9.881452
0.282973 7.427460
2.660710 7.498111
0.285667 8.125955
3.350306 7.220743
3.016124 9.221560
3.332310 9.448032
2.948327 9.738850
1.476389 6.722576
6.557617 8.931368
1.250671 8.220147
3.708788 9.464712
6.430579 7.023175
5.240378 9.052719
5.915312 8.249920
6.440222 8.326556
1.341389 9.361559
1.719555 9.870112
0.732617 7.043770
5.934976 9.863297
0.172090 8.506172
5.958775 8.133394
1.217349 9.951055
0.695115 7.194724
5.849926 9.492344
1.810700 8.398426
1.889326 7.545478
1.494563 8.500035
6.617711 9.023368
2.944157 7.489465
3.300752 7.049270
5.670252 7.025337
3.886236 7.830542
4.866793 9.722562
6.665980 9.314102
5.372728 8.738541
5.657105 9.490307
5.517056 9.589961
4.308913 7.600707
3.416763 9.291589
4.200013 9.213233
5.378649 9.476685
0.509335 6.747031
4.089364 8.543528
5.889362 8.090506
1.630916 7.533081
5.086821 7.033133
4.465807 9.000231
1.999391 6.931457
1.145663 8.823972
2.748966 8.064971
0.682166 8.825891
0.259936 8.988132
6.417180 9.070932
5.816160 8.036171
5.148559 9.612906
4.211705 9.402134
2.506752 8.752400
3.701934 6.955179
6.655234 7.422413
0.427631 8.212507
6.640505 9.823214
3.177800 9.350123
4.923385 8.114331
4.234764 7.870490
2.499950 9.019547
2.860307 7.285856
4.555717 9.780349
0.945394 8.924518
1.369750 7.656984
3.930294 8.166363
0.466453 7.585023
6.052092 8.233155
2.676268 9.435854
1.577025 9.112697
5.228379 9.171501
4.595457 7.076420
5.350640 9.357965
1.732147 9.476328
5.516533 9.952660
0.756362 9.101350
3.015725 8.110530
3.825113 9.290890
6.618012 6.892101
5.608905 8.428640
3.620890 9.961388
5.288701 8.653270
1.274807 7.143234
1.224901 7.747319
2.975327 9.605384
5.137859 6.706705
4.298343 8.174513
5.476474 9.239929
6.427009 9.889921
5.797757 7.437386
4.361796 7.965304
0.982883 7.033333
6.116738 8.246260
2.897368 8.771179
0.403282 8.557755
1.221250 7.095294
1.493257 8.981590
0.782221 7.649931
3.457417 9.488223
5.529236 7.810754
6.261402 9.764506
0.143503 9.126707
2.750507 8.720510
2.362359 8.975030
3.649074 8.657950
4.503686 7.948891
0.976551 7.612361
5.292083 7.588804
4.327780 8.945159
3.155258 9.288476
5.715951 8.034579
1.961081 7.344830
3.130021 7.336674
4.495730 9.994720
4.935209 7.931890
0.383164 8.980299
0.661905 8.689674
0.022703 9.382534
1.354508 7.595878
2.510390 9.049920
0.876100 9.447870
5.823623 9.400141
2.324898 6.937662
3.974447 8.520935
2.736884 7.847817
6.134405 9.864286
1.632796 6.775827
1.262162 7.207872
2.348404 9.287315
4.327094 8.931752
0.430399 6.894294
1.016782 8.621191
6.441672 7.081808
1.061193 9.814184
0.136371 8.800384
2.483220 8.917809
0.148463 9.678093
1.151425 8.650584
2.096320 8.965399
5.079669 7.334239
3.615356 8.961698
1.298899 7.640111
2.708218 9.698167
3.430566 9.939952
4.833943 7.372805
0.813909 6.994644
5.248519 7.533946
4.781697 8.396049
3.664947 8.399629
1.954111 9.952985
0.144320 9.981308
2.611670 6.687317
6.460373 7.664582
1.532434 8.847439
5.493520 9.762640
5.742620 7.385486
4.339945 9.767586
5.909859 7.718578
6.002399 8.348857
1.278240 8.081356
5.762741 9.130613
5.656303 7.128024
5.223638 8.685496
6.454033 7.304004
6.165342 8.870793
2.925075 9.989867
5.203245 6.781221
4.172313 9.297108
0.683300 8.711527
6.240838 7.797220
3.303772 8.751319
5.668021 8.866028
4.452452 8.678101
0.858218 9.399263
4.423870 7.076553
6.352364 7.581660
5.349121 7.965875
0.736069 9.219708
1.884063 9.155754
1.414666 8.977200
4.725824 9.368887
2.192673 6.917641
6.653178 8.884373
2.690163 7.081358
2.857220 9.819616
1.405053 9.325764
3.372908 8.527865
0.744831 9.253803
4.194982 7.650333
0.576077 8.227220
3.637599 7.781754
1.670004 9.362726
2.813424 9.697174
6.095803 8.796078
1.864391 9.210734
3.433309 7.629758
0.788447 9.694481
1.030532 9.882222
1.676028 8.486074
4.326044 7.112103
2.977466 9.675509
3.504520 7.719488
0.711803 8.795700
5.043433 9.752677
5.782746 8.505308
5.244691 8.348931
0.045837 7.506396
3.714742 8.242470
0.506352 8.765574
2.182577 9.876021
5.287677 9.702256
3.654804 7.711654
0.420631 8.902275
0.433068 7.374947
2.485340 6.735153
2.991473 8.368151
2.477466 8.167396
0.032961 9.265131
4.514039 9.001669
0.294291 7.811335
6.002670 7.051783
3.611966 9.505775
6.018618 9.983135
2.424027 7.453904
4.033055 6.856465
1.598765 7.561653
5.312705 8.594620
3.933896 8.576700
0.288966 9.267610
0.756231 8.623902
0.669891 9.805295
1.994852 6.812885
2.830587 7.345401
4.685619 9.912605
2.427575 9.168074
4.269896 7.143885
3.032762 6.743027
5.527522 8.870207
6.386856 8.652019
1.986218 7.892204
5.300505 9.752384
6.254598 8.508806
6.256554 8.768800
4.447914 8.340442
1.689814 7.384118
4.630743 8.467273
3.452857 6.976486
0.847674 9.928717
1.130041 7.222508
0.513373 8.996495
4.416604 8.675390
6.247532 9.685993
4.606145 6.844348
6.524086 8.727683
2.063937 8.943116
0.991296 8.406836
2.147238 7.165354
3.698779 9.997370
1.324020 8.059150
0.641922 8.772775
4.352428 8.676105
3.757290 6.981715
2.552742 7.456641
2.299073 8.296390
0.471863 7.150844
5.396410 8.979642
5.173595 9.489677
3.094824 9.143414
5.978798 8.250970
4.167311 8.725142
0.569432 7.654008
4.753955 8.439014
2.756202 9.149043
4.811509 9.203292
5.747054 7.462301
5.423061 6.792984
3.965142 7.205368
4.567312 8.461946
1.643939 6.717913
6.506543 9.713489
0.354978 9.247775
5.237965 9.691118
1.779626 7.308581
3.330158 9.757278
5.174226 9.702647
4.180230 6.889765
0.951126 9.716584
3.414622 6.900053
2.772185 8.526864
1.218506 7.865694
0.549846 9.480481
1.556536 7.339463
2.198228 9.909422
2.037419 7.362682
5.809701 8.239764
1.566181 9.758975
1.830050 7.791784
3.128264 7.676450
0.307019 9.512754
4.251193 7.953945
6.165218 8.043133
0.286090 8.707161
2.543466 8.229210
4.852153 9.464925
0.806534 7.859617
3.502437 9.466874
4.440031 8.130605
4.988408 7.145575
4.964441 7.704447
5.643497 7.051440
3.392448 9.125728
3.144661 9.210253
5.616884 7.133729
1.310960 9.983436
2.441462 7.142377
3.030766 9.359662
1.107547 9.900679
3.619516 8.675880
1.181142 7.247275
2.933687 7.251591
0.167041 7.753143
2.526054 6.954239
1.068578 6.820729
3.622075 8.410327
3.201569 9.126862
0.538227 7.291952
2.166235 9.353377
2.897699 9.366061
3.100466 8.438428
5.626705 7.351428
3.051966 9.146565
6.392660 8.431696
4.906923 7.280072
4.518523 7.944656
4.555997 8.558964
1.469370 9.780281
3.860399 9.014494
4.428858 9.017116
1.633279 8.348475
3.030417 6.861050
6.062187 7.506251
5.292528 8.216545
2.138858 8.568954
2.910897 7.158847
5.315370 8.274705
6.369264 7.114154
1.964002 6.981885
3.202121 9.377759
2.256571 8.938296
0.342187 8.853259
0.093116 7.787863
5.343107 9.567844
3.612475 9.126569
3.811453 8.652323
4.436567 6.962573
2.872489 9.557908
3.841825 8.963527
2.481142 9.286683
4.184449 8.589014
2.938238 7.818660
0.432625 8.942807
1.306027 7.787177
2.460534 7.065709
0.435235 9.011819
4.431952 9.248439
2.781956 9.394286
5.908878 6.776831
3.728264 8.351641
4.699716 9.617007
1.405651 9.560973
3.486793 9.100886
3.979705 9.872282
5.696758 7.750080
3.866189 8.608630
5.292170 7.991337
3.277777 7.165380
6.483888 9.449159
1.350205 7.514048
2.266442 8.644857
4.876016 9.326166
4.837982 8.933354
4.492211 8.240469
5.555811 6.946928
2.164996 7.780056
3.914937 8.132351
1.092483 8.728095
0.443801 7.977779
0.014442 8.089709
0.561644 9.334247
3.842226 9.660818
4.277715 9.170380
2.104186 8.869734
6.119376 8.166091
2.197428 8.152516
0.058407 8.671790
6.454324 8.607972
5.115859 8.624057
1.179467 9.957542
2.912627 7.968727
1.424985 8.274955
3.499549 9.788981
5.105990 6.678989
4.063376 9.813289
6.183841 9.591961
5.899420 9.285010
4.180508 9.844254
3.469655 8.084148
0.390372 8.276591
1.794823 8.455794
6.064849 8.840601
2.230958 9.010213
4.111185 8.127659
3.357371 7.551407
2.935521 8.732195
6.306088 7.956485
5.963691 8.142031
2.944223 9.702918
2.414577 7.032903
5.287871 8.573371
6.239027 6.821903
5.553790 7.782849
6.582890 7.688389
2.881968 6.720853
0.505956 9.034446
3.545728 8.956425
4.027376 9.138627
3.636897 7.209053
5.505551 9.329346
0.887193 8.700797
4.310929 7.963113
5.404141 9.912515
5.139661 6.882186
1.852667 7.331686
0.034217 9.998102
1.125766 6.951208
5.891289 7.910451
0.347797 8.260952
3.612064 8.841229
3.681192 8.593238
4.631301 9.928137
0.246491 8.976701
1.314411 8.583042
2.229056 6.736502
0.141016 8.663926
1.663833 7.333185
6.339087 7.850389
0.691581 9.662044
0.286835 8.422732
1.745812 7.814757
4.502609 6.812852
1.116331 7.719675
1.845409 9.102057
4.959566 8.395520
0.854766 8.912232
2.162900 8.317315
2.524147 8.814419
3.256346 7.410113
6.519407 9.293882
3.125420 7.459643
2.892833 8.891309
5.471808 9.248168
1.177938 8.652279
5.788750 8.891396
4.180113 8.944460
4.162229 9.978594
3.080854 9.741938
2.985002 7.414520
1.048481 8.392866
4.493826 9.655673
5.838574 9.339216
2.491743 7.850755
3.118005 9.297311
1.726846 8.350647
4.989431 7.856120
0.746689 9.724699
0.058456 6.930551
0.614540 7.726597
3.262338 8.826095
4.869919 6.849558
2.266173 9.198703
1.890571 8.375250
6.601188 7.171828
1.762997 8.602665
3.397494 9.113416
4.951987 7.999049
0.910531 8.819611
4.860226 9.385034
3.173116 9.680558
4.547390 7.700608
1.430021 8.399062
6.006165 6.787655
2.383020 8.393951
3.219972 7.199180
5.989448 8.640656
0.656958 7.064715
3.888247 8.337043
3.772625 7.868994
3.988277 9.464010
6.365778 8.275619
1.355967 7.920583
6.030258 7.718367
4.566943 7.254137
3.015679 7.944109
4.657164 7.309548
3.451514 9.243676
2.095711 9.099587
2.456235 7.567409
4.651673 7.533710
1.909230 6.704577
0.415725 7.451880
4.179720 7.988405
4.270125 7.281598
3.800329 9.135529
4.714148 8.347294
5.580036 6.776764
1.650048 8.203412
4.322353 9.565193
2.717152 8.625866
1.699646 7.664107
1.232173 9.196492
1.149331 9.928600
5.956482 7.461464
3.267565 9.032122
6.312042 6.914852
2.887145 9.305640
0.741562 9.775917
5.078460 8.054531
3.586952 8.936518
6.540681 7.212167
4.792667 7.754341
2.567941 6.930981
1.133321 8.452971
5.013938 7.915931
1.098190 8.234545
0.550062 7.551659
6.190735 9.164509
4.364026 9.406507
5.996270 9.036227
4.114642 8.023951
2.354107 9.632781
0.790680 8.147918
0.011178 8.008610
2.690272 7.125309
0.148627 9.616054
6.172844 7.527463
1.614369 9.682331
4.347893 9.865206
4.770342 8.148534
1.523733 8.075319
4.907137 7.310411
2.675291 7.168712
1.679006 6.813063
4.826393 7.424226
4.912948 9.695238
0.706716 9.114749
3.425338 9.252538
5.119439 7.088474
0.767107 8.133562
2.982130 8.444092
5.588455 9.834002
1.905747 9.004611
2.819802 8.781302
1.097009 7.913313
4.814785 7.632723
1.615256 8.266121
1.001472 8.367709
4.118430 8.609967
3.356395 8.301649
5.719192 8.837004
2.837746 9.268027
6.577324 9.186511
2.023782 8.082128
3.837065 9.766697
1.481034 7.007558
2.494330 8.003164
5.054120 8.128492
2.992016 8.560394
0.279599 7.812740
0.154853 7.715277
3.880864 7.268268
3.488063 8.604126
1.501346 6.737811
5.006814 9.377676
3.157117 8.016036
4.412083 9.643065
4.097113 9.558959
2.360304 8.633436
1.389364 6.699296
0.775320 7.882715
5.650533 8.113853
1.776348 9.003370
0.521977 9.803387
2.940468 9.208959
4.785800 8.701873
3.998616 9.466638
4.153935 8.307885
3.025192 7.592255
1.276222 8.809201
1.413918 7.942340
4.477005 9.680422
3.361150 9.323181
0.389967 9.593201
1.442990 9.596536
4.669286 9.958731
0.659584 7.776346
4.648088 8.698297
6.267237 8.233665
0.410634 7.746995
4.001316 7.959950
3.923965 7.361717
0.988282 7.447485
1.759799 6.676057
4.170686 9.718158
0.314324 9.445267
5.780084 7.379621
5.025644 9.815154
0.575522 8.942357
6.062428 9.176941
0.763910 7.795945
2.496227 7.044410
4.767340 6.693453
3.701887 9.531316
0.080067 7.063556
1.463258 9.764091
2.273538 6.937549
4.918997 9.299717
4.826367 7.449890
1.304651 8.653672
5.192747 7.006627
2.602643 9.766933
2.341774 8.221306
1.680273 8.752830
4.153789 9.779339
5.456837 9.052281
3.646258 7.646663
2.562606 9.536010
1.754347 8.917924
3.588054 9.690478
0.169809 6.992747
0.438017 9.581480
5.899725 8.849812
4.025786 9.457982
0.771516 8.248528
1.919561 7.579150
3.886931 8.115376
4.110987 7.816674
0.325822 6.785365
4.578236 7.468664
4.400771 9.615950
2.291729 7.206613
1.939444 7.581099
4.556284 7.388543
0.847737 8.973420
3.235909 9.661290
1.217431 8.518135
4.302950 7.687265
0.922984 7.061353
6.514878 9.629793
4.238360 6.768259
2.943446 7.237990
4.564247 9.161338
0.563292 7.637127
5.502831 8.253297
1.225310 7.901204
0.440180 8.477445
5.680690 9.655104
4.412150 8.497714
6.049289 8.765573
4.413103 9.433218
2.744974 8.898955
5.837611 7.325925
4.521292 7.855904
5.397015 7.300369
6.551080 6.808825
5.860312 8.259039
5.709813 7.703344
1.191588 9.612921
0.801983 9.657353
0.191291 6.990213
5.713491 8.349104
1.936206 8.323291
5.635701 7.164923
0.581288 7.491882
3.320959 7.055756
3.998779 7.583803
5.869823 7.234434
3.338648 7.550222
1.684517 9.368359
6.293936 9.332948
1.427511 8.242019
2.671416 9.983215
2.019046 8.159679
0.621616 8.951510
1.487709 9.479486
1.771642 7.600445
1.266330 9.835817
3.559561 9.219855
2.412229 7.997738
3.846741 7.843035
6.618814 9.924954
5.120835 7.343898
0.957462 7.939786
4.592833 9.493293
5.598720 7.307164
0.810705 8.741894
4.988706 9.763642
5.138483 8.608155
1.409501 7.085413
5.615421 7.475045
3.021128 7.287256
1.573123 9.342595
3.532743 7.063060
5.263959 9.547314
5.498826 8.213840
5.868100 7.776141
3.662294 8.855566
1.020655 8.557623
5.382836 7.748909
3.451173 9.016319
3.769961 8.543584
2.364187 9.028223
3.251431 7.164802
3.483886 9.559940
5.695362 7.237042
0.558707 8.334069
1.267620 8.252994
3.697939 8.698086
4.349234 6.847099
0.455544 6.773112
1.025205 9.531279
3.207162 8.427073
4.808142 8.985854
4.287427 7.278027
6.190207 8.925779
1.291045 7.781768
2.454935 7.112310
2.845138 9.173319
1.808743 7.358058
6.274615 7.730767
4.927818 8.169364
4.207200 8.455782
5.188314 8.014964
3.203751 9.198650
4.982112 8.077511
3.506062 9.213058
5.902246 9.677801
5.860461 9.724811
4.842676 8.787317
3.615279 8.910620
3.052844 7.464059
3.724247 7.232251
6.132437 7.115551
6.244151 9.891056
2.530295 7.442399
6.635202 7.995409
3.602705 9.459526
0.879754 9.152323
0.410567 8.896492
3.892934 9.687990
2.272388 7.292850
4.632232 7.232223
1.793050 6.838912
4.485036 7.011947
2.984225 7.489389
3.232435 9.949741
0.872735 8.506560
5.824306 7.382470
4.056549 9.646303
4.438585 9.164831
2.981840 9.672360
0.453355 7.712184
6.215223 9.376094
5.259500 7.848185
1.081775 9.455970
0.490367 8.028222
4.789357 9.659337
2.965743 8.755582
4.689971 9.021744
1.956974 8.713049
3.492463 7.339316
3.844420 7.667018
0.443877 7.181897
1.440931 7.224891
4.987558 8.830847
3.547465 8.906533
4.353406 9.637017
2.950840 7.397963
0.123793 6.956312
1.645934 6.958923
4.938184 9.878273
2.414257 9.653789
6.369654 9.378972
1.381730 8.496044
6.112858 7.201484
4.620728 6.699100
2.678965 9.337128
4.221187 6.829068
3.482028 7.011559
2.960945 7.195296
5.058536 9.990384
2.401054 8.302580
6.462860 8.830854
1.148787 9.123229
6.398994 9.084363
2.801659 8.757535
2.524265 9.415038
4.312411 9.968838
0.809491 8.532454
1.050015 8.510898
6.151197 8.153653
0.072209 8.561283
2.762832 8.234652
5.530685 7.096519
1.064827 9.716320
3.174666 8.335586
1.729495 9.957131
3.282103 8.973512
0.607944 9.956474
3.756785 8.395793
0.640337 8.756687
2.871913 9.703658
2.784028 6.828817
6.013892 9.526119
6.031651 8.956265
0.760930 7.962461
2.952696 9.120737
1.625296 8.946281
2.286885 8.358676
1.383720 8.650223
3.787073 6.670260
3.441820 6.700684
5.822131 8.610060
4.692704 7.340658
0.486439 7.617642
2.964220 8.547899
3.223115 7.674073
4.062266 8.112130
4.175862 9.876883
5.499389 9.643280
2.663565 9.656070
5.146615 8.093491
3.727866 9.439692
5.548803 9.999476
6.416967 9.892565
6.152345 8.331302
3.370943 7.574010
0.114720 9.662234
3.896095 8.962025
3.808971 7.236777
1.711430 7.420203
6.022814 7.008507
4.142714 7.605077
4.211670 6.806186
0.118728 8.653636
2.038770 9.952504
0.076686 8.433677
3.906969 9.037404
5.897289 9.686634
5.031823 8.598683
3.415423 7.559472
0.453635 8.776121
5.760765 7.868147

